Sample Names	MutationType	ID83A	ID83B	ID83C	ID83D	ID83E	ID83F
V1	1:Del:C:0	0.9569670351107968	0.00026130531453560663	0.03802974345996422	0.0	0.003993746761295658	0.0007481693534077236
V1	1:Del:C:1	0.9277233866615372	0.0015617085662133245	0.06217783469198627	0.00040133689347133015	0.00813573318679188	0.0
V1	1:Del:C:2	0.7413880448962334	0.02314853577475722	0.2301439492130516	0.004002810248578659	0.0	0.0013166598673789442
V1	1:Del:C:3	0.8308155708201104	0.005695574830364492	0.1317229117430004	0.004958547450177702	0.024216661184780185	0.002590733971566888
V1	1:Del:C:4	0.9436608467292357	0.0028462469500708746	0.018000046712453793	0.004656477261316442	0.030782822556285942	5.355979063717739e-05
V1	1:Del:C:5	0.16146736393513272	0.009088160865595125	0.04226960739699459	0.013221219050636631	0.7715476759868847	0.0024059727647563643
V1	1:Del:T:0	0.9023621325949484	4.5596122486427354e-05	0.08785893664260863	0.0002631964270484057	0.007071617236952516	0.002398520975955774
V1	1:Del:T:1	0.9232061997549197	0.0003796352194577765	0.06615317271174938	9.048968573553232e-05	0.008947541152891142	0.0012229614752466214
V1	1:Del:T:2	0.9712055340922269	0.0014990099914786866	0.021146197883860258	0.0010005314005550718	0.0021360292124756063	0.0030126974194034104
V1	1:Del:T:3	0.9400322960665491	0.00668333523822471	0.032238349125703364	0.0016270158909065678	0.013388345678615344	0.006030658000000761
V1	1:Del:T:4	0.9801055548793925	0.004400070403829558	0.0	0.0069616508047325555	0.0053477062540770535	0.003185017657968395
V1	1:Del:T:5	0.002169663207467235	2.293722949608844e-32	0.010392534425692402	0.763204542463929	3.3602576407184257e-06	0.2242298996452707
V1	1:Ins:C:0	2.7711346971500794e-06	7.71786626361333e-05	0.9366547356060202	1.6017284082621465e-06	0.05016710367080077	0.01309660919743747
V1	1:Ins:C:1	4.443161707671613e-05	0.030158213205899988	0.9665086798313707	0.003270856679089075	0.0	1.781866656350219e-05
V1	1:Ins:C:2	2.431425699896981e-05	0.0015527944674120064	0.5989064649412522	0.0026739528347568407	0.39684247349957996	0.0
V1	1:Ins:C:3	2.1820289876627687e-05	0.008012148071483432	0.010571738728296264	0.004165189171745154	0.0493677633280035	0.927861340410595
V1	1:Ins:C:4	0.00777397665981397	0.0026475609138636538	0.008520147136748063	1.950765160636486e-06	8.990315934878617e-07	0.9810554654928203
V1	1:Ins:C:5	0.13536609615365996	0.6530391770072703	0.15510125047003767	0.05649347636903197	0.0	0.0
V1	1:Ins:T:0	0.794604220088113	0.016920669577532847	0.1289337246381285	0.0022292147272665224	0.054848629705724655	0.002463541263234663
V1	1:Ins:T:1	0.7669299067007801	0.009200923311358097	0.22048194517435687	0.003230993369573353	0.0	0.00015623144393145505
V1	1:Ins:T:2	0.7863626246005392	0.0015510604892823132	0.17934713576412922	0.0021497169266969235	0.001612239661127939	0.028977222558224488
V1	1:Ins:T:3	0.14704427354755323	0.08913383392659545	0.643686128678209	0.0171556814356843	0.09914262957491597	0.003837452837041901
V1	1:Ins:T:4	0.7166930430735072	0.23811840789347463	0.020641142065005648	0.02296110673703323	0.0	0.001586300230979185
V1	1:Ins:T:5	0.00963489368534947	0.9869910175078901	0.00025352520805217114	3.685414370128135e-08	1.7023002300878043e-06	0.003118824444334729
V1	2:Del:R:0	0.727267895453114	0.01015020111764251	0.11612181229884772	0.0	0.1463553264432856	0.00010476468711040904
V1	2:Del:R:1	0.31103711436203135	0.03328311713789949	0.5891626786777135	0.011368059963595283	0.05514902985876044	0.0
V1	2:Del:R:2	0.7690736139426354	0.0019746154781916186	0.16672372463191804	0.051669290870526005	0.005729184902484088	0.004829570174244822
V1	2:Del:R:3	3.7562633213260833e-06	0.06199326242052165	0.0027051644384174433	0.04193018854729603	0.880928205205297	0.012439423125146534
V1	2:Del:R:4	0.00042319343559798865	1.0660371084922131e-06	0.7082858867566161	0.07158413928968785	0.21970571448098955	0.0
V1	2:Del:R:5	0.4031051738851518	4.4176252093239046e-07	3.318845267801593e-05	0.024404241339959522	0.5724548703821363	2.084177553505781e-06
V1	3:Del:R:0	0.4406501097955994	0.005032086773425493	0.5039860905904089	0.006961584494439227	0.03922863980063999	0.004141488545486968
V1	3:Del:R:1	0.0375797138395713	0.0034907641368458215	0.029415948162680165	0.0036407433852378096	0.9242597095923464	0.001613120883318556
V1	3:Del:R:2	0.4391742642083759	0.014223217278868135	0.18952294432642344	0.015587789995580496	0.3278473142235277	0.013644469967224175
V1	3:Del:R:3	0.9124322504121739	0.0	0.03232598167887654	0.055234225446368954	7.542462580595102e-06	0.0
V1	3:Del:R:4	0.4232320086424998	0.04679183433563649	0.13367815992590854	0.023957089182188706	0.3488024690916874	0.023538438822079153
V1	3:Del:R:5	0.4232320086424998	0.04679183433563649	0.13367815992590854	0.023957089182188706	0.3488024690916874	0.023538438822079153
V1	4:Del:R:0	0.30922286146851113	0.005246036442206254	0.6321403439171351	0.0008276187467870302	0.047168663918486384	0.005394475506874117
V1	4:Del:R:1	0.6765906681908302	0.02816262350377454	0.026648924886642278	0.014686128164021877	0.25269136227167505	0.001220292983056109
V1	4:Del:R:2	0.24302875538155874	0.03204188236799671	0.36601099549695604	0.016569546905942815	0.3238575463076103	0.018491273539935297
V1	4:Del:R:3	0.997089008199132	9.023934683755641e-05	0.00028793363844501906	4.5714069217081485e-05	0.002431629893763283	5.547485260494858e-05
V1	4:Del:R:4	0.4232320086424998	0.04679183433563649	0.13367815992590854	0.023957089182188706	0.3488024690916874	0.023538438822079153
V1	4:Del:R:5	1.0614212716911218e-06	6.737773013861763e-08	1.5732325011060707e-09	5.170154038238182e-08	0.9999987334368547	8.448937051289992e-08
V1	5:Del:R:0	0.0020570315429290728	2.11056648330921e-07	0.9936659281666603	3.3442824524334326e-08	0.004254912918373454	2.1882872564322603e-05
V1	5:Del:R:1	0.29591671780453	0.0027918920463190664	0.45338210533862877	0.007773584329952284	0.24013570048056984	0.0
V1	5:Del:R:2	0.7008511371104906	0.0	0.12474206395380133	0.02204384255067878	0.1467181661702373	0.005644790214792022
V1	5:Del:R:3	0.07751564701146048	0.002149051101151241	1.139856444713092e-06	0.001000539489798027	0.9192117896575198	0.0001218328836256148
V1	5:Del:R:4	0.66297602127053	2.696691852269573e-08	0.0003318885126610901	7.788830119719865e-06	2.4424348538681317e-05	0.3366598500712319
V1	5:Del:R:5	0.4232320086424998	0.04679183433563649	0.13367815992590854	0.023957089182188706	0.3488024690916874	0.023538438822079153
V1	2:Ins:R:0	0.3987464003378074	0.02594171153559936	0.28247516638708303	0.0	0.14513158369981666	0.1477051380396935
V1	2:Ins:R:1	0.7673916094066916	0.004413226205779644	0.22355273568781878	0.004642428699709956	0.0	0.0
V1	2:Ins:R:2	0.0	0.018631460324798732	0.23749874252119357	0.02188343663455201	0.1543248531804698	0.5676615073389858
V1	2:Ins:R:3	0.3572977521670653	0.011960598301455573	0.5658566866838504	2.6854946852860892e-06	0.06487656075002683	5.716602916543644e-06
V1	2:Ins:R:4	1.1702447120966783e-05	0.1475553707781565	0.5182373420511814	0.12169457681365202	0.16224875392958743	0.05025225398030163
V1	2:Ins:R:5	0.10931185007447732	0.41252484337602524	0.30093080370343134	0.11285425954312617	0.04374894347585523	0.02062929982708463
V1	3:Ins:R:0	0.00017186358663500958	0.09262254188856242	0.36511869145743964	3.1642450169152745e-06	0.5420500082385896	3.3730583756426374e-05
V1	3:Ins:R:1	0.5292176757734975	0.024896362425899907	0.2901816612724958	0.015618525963823947	0.12937142054528197	0.01071435401900089
V1	3:Ins:R:2	0.000173692150543048	2.772512844994584e-05	0.9055711575374057	0.09343654400702768	0.0006427706260050529	0.00014811055056853712
V1	3:Ins:R:3	0.4232320086424998	0.04679183433563649	0.13367815992590854	0.023957089182188706	0.3488024690916874	0.023538438822079153
V1	3:Ins:R:4	0.47870797412914495	0.00451570796096049	0.16259548013998115	0.012146064047676956	0.3420344745475394	2.991746969565803e-07
V1	3:Ins:R:5	0.4301923875765115	0.23285785034991463	0.12871369491286877	0.19006623973649303	0.0	0.018169827424211988
V1	4:Ins:R:0	0.8251936719756754	1.6430925579764268e-44	0.14871117759580835	0.003742135806466475	0.022352383001534755	6.316205149512631e-07
V1	4:Ins:R:1	0.47716882305971997	0.021057234492481158	0.11647859108120072	0.029957378212829098	0.34649894671432435	0.008839026439444826
V1	4:Ins:R:2	0.019106678556934906	0.008432561612030171	0.004404058230411234	0.9560853799375562	0.01120971960266745	0.000761602060400035
V1	4:Ins:R:3	0.4232320086424998	0.04679183433563649	0.13367815992590854	0.023957089182188706	0.3488024690916874	0.023538438822079153
V1	4:Ins:R:4	0.548539256833007	0.09213911213804764	0.3221656061743843	2.4050654563305124e-06	3.3101534420859326e-05	0.03712051825468384
V1	4:Ins:R:5	0.0	0.04232550911708073	0.49915896637487805	0.024709090277040765	0.4138651155134245	0.01994131871757599
V1	5:Ins:R:0	2.7011978094384676e-05	0.18955719530605306	0.8101443993690071	9.132882989495686e-06	0.0002584050666468911	3.8553972090128934e-06
V1	5:Ins:R:1	0.24806142915854576	0.0009204048372929096	0.7270523692149069	0.0024862299233379386	0.01900126247038482	0.0024783043955317434
V1	5:Ins:R:2	0.0011926421739446968	0.00011369764118079682	0.0004185769348067027	6.0202731392647513e-05	0.9587204921853245	0.03949438833335076
V1	5:Ins:R:3	0.4232320086424998	0.04679183433563649	0.13367815992590854	0.023957089182188706	0.3488024690916874	0.023538438822079153
V1	5:Ins:R:4	0.4232320086424998	0.04679183433563649	0.13367815992590854	0.023957089182188706	0.3488024690916874	0.023538438822079153
V1	5:Ins:R:5	0.16052118909604143	0.028221387499010996	0.24245030083483576	0.00025225546338188495	0.041380336006467636	0.5271745311002622
V1	2:Del:M:1	0.8031345321934079	0.01555585293182006	0.08814573776725725	0.0	0.09316387710751478	0.0
V1	3:Del:M:1	0.36290742563666095	0.011330770961482406	0.5847717488671824	0.00036848490685040985	0.040621425518273316	1.441095505163225e-07
V1	3:Del:M:2	0.7004039641450028	0.036936094211888676	0.18791569781881165	0.010092818868442622	0.06446414368057284	0.00018728127528144754
V1	4:Del:M:1	0.34217178473598664	0.0004966174418730534	0.5952123006221601	0.0003403008273432974	0.0617789444255053	5.194713151817115e-08
V1	4:Del:M:2	0.8820130458720121	0.0064699033364233076	0.10494494132582675	0.002132884504173398	0.0	0.004439224961564294
V1	4:Del:M:3	0.7043924617986876	0.008339771356364944	0.20686203414402887	7.788682841742604e-08	0.08040565481408997	0.0
V1	5:Del:M:1	0.01396632210543452	0.010112024716659692	0.9555426101995894	6.0795503918202395e-09	0.020379031214497436	5.684268587604541e-09
V1	5:Del:M:2	0.0	0.0026353033789929853	0.9883799136722818	0.0008582235359806818	0.0070836975715144685	0.0010428618412301408
V1	5:Del:M:3	0.009241738329894437	0.008572016731417683	0.9118644677549829	0.0005121160757030628	0.0696844649987566	0.00012519610924545128
V1	5:Del:M:4	0.0018627854937267774	0.014064609213584073	0.9207279738271321	4.243726572773183e-07	0.06334391912638397	2.8796651582502837e-07
V1	5:Del:M:5	0.01708891567282266	0.015228037466520133	0.9432142394209938	0.015235622669668788	0.009233184769994626	0.0
V2	1:Del:C:0	0.9721181925337218	0.0011921624683964357	0.023456812926701678	0.0	0.0025465401134849405	0.000686291957695341
V2	1:Del:C:1	0.9158788523046356	0.006924439556365762	0.03727165144002495	0.03488350611194561	0.005041550587028098	0.0
V2	1:Del:C:2	0.5538120128763132	0.07766143812739745	0.10438542650769005	0.2632529909481251	0.0	0.0008881315404742026
V2	1:Del:C:3	0.5975033696164165	0.018396635487451882	0.057520224088279746	0.3139653513827909	0.01093195669105668	0.0016824627340043393
V2	1:Del:C:4	0.6756306803204954	0.009152318272248447	0.007825112213666472	0.2935231981604641	0.013834063687704961	3.4627345420553155e-05
V2	1:Del:C:5	0.0859579826897715	0.021729141838876476	0.01366322402360004	0.6196757170775907	0.25781734534105877	0.00115658902910261
V2	1:Del:T:0	0.9154615211316453	0.0002077553680265398	0.0541213587064774	0.023508815079239968	0.004503248196978196	0.0021973015176326325
V2	1:Del:T:1	0.9422719000298928	0.0017402399455372663	0.04099696631303165	0.00813145242513885	0.00573230298919163	0.0011271382972079
V2	1:Del:T:2	0.8968329661895664	0.006216845187930769	0.011856492282988242	0.08134346276974516	0.0012380993872502962	0.0025121341825189293
V2	1:Del:T:3	0.8197580821727869	0.026175879829639905	0.01707022487204119	0.12491835167739136	0.0073285449329701415	0.0047489165151704486
V2	1:Del:T:4	0.6053696378254181	0.012205976226887426	0.0	0.3785746571756115	0.002073305184640719	0.0017764235874422338
V2	1:Del:T:5	3.21883339332286e-05	1.5283127749435436e-33	9.361623288492905e-05	0.9968702563426827	3.129151976531606e-08	0.0030039077989793285
V2	1:Ins:C:0	4.52406390999647e-06	0.0005658918688405051	0.9284834010242077	0.00023022447504461387	0.05140886658109374	0.01930709198690356
V2	1:Ins:C:1	4.3977126748949975e-05	0.13406192418500926	0.5808500162776918	0.2850281567727282	0.0	1.5925637821861242e-05
V2	1:Ins:C:2	2.8432273842721744e-05	0.008155107216517483	0.42523901861722707	0.2752934325260319	0.29128400936638077	0.0
V2	1:Ins:C:3	1.707400380628586e-05	0.028157165571046402	0.005022787387459131	0.28694661545340727	0.024247457951534233	0.6556088996327467
V2	1:Ins:C:4	0.008534374201837553	0.013053877094565581	0.00567935556385738	0.00018854931431324374	6.195142608438627e-07	0.9725432243111655
V2	1:Ins:C:5	0.016637289949262488	0.3604765574029206	0.01157474670106342	0.6113114059467535	0.0	0.0
V2	1:Ins:T:0	0.6723655679128341	0.06430389091653128	0.06624370920052453	0.16607261304355875	0.02913186475539797	0.0018823541711534186
V2	1:Ins:T:1	0.6251809426975952	0.033685777676146444	0.10913061552550456	0.23188766209732767	0.0	0.00011500200342613231
V2	1:Ins:T:2	0.7029437546130219	0.00622718198565134	0.09734545379220619	0.16918837028014166	0.0009046388176402701	0.023390600511338618
V2	1:Ins:T:3	0.05848258049015566	0.15921577971746417	0.15544475649980866	0.6007280375623145	0.024750658047650843	0.0013781876826061772
V2	1:Ins:T:4	0.18753488320258574	0.27983817076861833	0.003279488497572077	0.5289726389062896	0.0	0.0003748186249341341
V2	1:Ins:T:5	0.0021673796306247014	0.9971634935620489	3.4628423796631e-05	7.29904268299257e-07	2.403654949812009e-07	0.0006335281137663962
V2	2:Del:R:0	0.777557569222167	0.04873914362251615	0.0753833542169968	0.0	0.09821878897689712	0.00010114396142287594
V2	2:Del:R:1	0.16778904167479833	0.08063813643708888	0.19297903176470604	0.539919798403559	0.018673991719847884	0.0
V2	2:Del:R:2	0.14147221404023147	0.0016313640417268906	0.018621907210769492	0.8368107636894996	0.0006615215294421048	0.0008022294883303626
V2	2:Del:R:3	8.281205292139207e-07	0.06138286047970352	0.0003621218301656128	0.8138715259020357	0.12190624160754103	0.002476422060024941
V2	2:Del:R:4	6.159273881156538e-05	6.96831903212395e-07	0.06259255754736545	0.9172736518589834	0.02007150102293646	0.0
V2	2:Del:R:5	0.1384735865753316	6.815575699300482e-07	6.922438229859221e-06	0.738083331419691	0.12343483150671289	6.465024646405254e-07
V2	3:Del:R:0	0.312397647735893	0.016022382802077312	0.21694814375679672	0.4345237199429118	0.017456815730136372	0.002651290032184587
V2	3:Del:R:1	0.03861193031712706	0.016108446541266322	0.018351620178533038	0.3293439060187336	0.5960874413937416	0.0014966555505984472
V2	3:Del:R:2	0.1988451803426114	0.028922853694952812	0.05210309200646863	0.6213756787313754	0.09317463972158041	0.005578555503011207
V2	3:Del:R:3	0.15745123881770703	0.0	0.003387042863542234	0.8391609013479695	8.169707812107979e-07	0.0
V2	3:Del:R:4	0.13813114169826524	0.06858802164745331	0.026490921778792136	0.6883965152503295	0.07145630444943034	0.006937095175729415
V2	3:Del:R:5	0.13813114169826524	0.06858802164745331	0.026490921778792136	0.6883965152503295	0.07145630444943034	0.006937095175729415
V2	4:Del:R:0	0.37529027460072867	0.02859513348299115	0.46583566896574885	0.08843365046837928	0.0359333076350636	0.005911964847088419
V2	4:Del:R:1	0.29779885657069083	0.05567179717960137	0.007121971487028305	0.569109524686981	0.06981284304027205	0.0004850070354266026
V2	4:Del:R:2	0.10621996237010901	0.06289724337117626	0.09713284927843333	0.6376034099905549	0.0888485627728717	0.007297972216854902
V2	4:Del:R:3	0.9938388473904909	0.0004039643988648469	0.0001742601006800706	0.004011653728117261	0.001521343975674783	4.993040617210702e-05
V2	4:Del:R:4	0.13813114169826524	0.06858802164745331	0.026490921778792136	0.6883965152503295	0.07145630444943034	0.006937095175729415
V2	4:Del:R:5	1.6909714886320027e-06	4.82092065626904e-07	1.5218257330563634e-09	7.2517612672637e-06	0.9999904521082473	1.2154510540135717e-07
V2	5:Del:R:0	0.0033827527909106978	1.5588109807593293e-06	0.9921862948832184	4.841988767175707e-06	0.0043920562267015986	3.249529942123688e-05
V2	5:Del:R:1	0.20855650551744298	0.00883726689145862	0.19401804781440374	0.4823553192251997	0.10623286055149499	0.0
V2	5:Del:R:2	0.24900774724994248	0.0	0.026910608496245363	0.6895502101345227	0.03272042021227429	0.0018110139070152923
V2	5:Del:R:3	0.1030311332293811	0.012828945269162196	9.199257485433034e-07	0.11708596840283052	0.7669068051776701	0.00014622799520752232
V2	5:Del:R:4	0.6849760902754279	1.2513362445279202e-07	0.0002082060417236016	0.0007085024245125415	1.58397559326487e-05	0.3140912363687787
V2	5:Del:R:5	0.13813114169826524	0.06858802164745331	0.026490921778792136	0.6883965152503295	0.07145630444943034	0.006937095175729415
V2	2:Ins:R:0	0.43758279416628115	0.12785779105638645	0.18822064194461877	0.0	0.0999708308160961	0.14636794201661754
V2	2:Ins:R:1	0.5762577096493577	0.01488404589272602	0.10193027756179246	0.3069279668961237	0.0	0.0
V2	2:Ins:R:2	0.0	0.030274076970791854	0.052172750769089796	0.6970532375915481	0.03504634105091427	0.18545359361765593
V2	2:Ins:R:3	0.4491139852702903	0.0675218463769972	0.4318732082403182	0.00029719541846423054	0.05118727609062045	6.488603309398071e-06
V2	2:Ins:R:4	9.884759990915285e-07	0.05597699399011884	0.02657918501261675	0.9050075118230158	0.008602381857846293	0.0038329388404033647
V2	2:Ins:R:5	0.009014059042066355	0.15278065633807192	0.015067573347445691	0.8193371126687983	0.0022644807254660507	0.0015361178781517053
V2	3:Ins:R:0	0.00017565650044584188	0.4251695567344797	0.2265885379303589	0.0002847357365635595	0.3477503822384131	3.113085973889153e-05
V2	3:Ins:R:1	0.2317877040386699	0.04897303955142351	0.07717018310841657	0.6022649845198312	0.03556659624179837	0.004237492539860313
V2	3:Ins:R:2	1.9789334630285795e-05	1.418697085408998e-05	0.06264654109702804	0.9372582768124635	4.596792785640477e-05	1.5237857167799727e-05
V2	3:Ins:R:3	0.13813114169826524	0.06858802164745331	0.026490921778792136	0.6883965152503295	0.07145630444943034	0.006937095175729415
V2	3:Ins:R:4	0.2543915651711558	0.010777623366070401	0.05246431778074189	0.5682757583293486	0.11409059178925943	1.435634238836326e-07
V2	3:Ins:R:5	0.023502072019773623	0.05713463078455585	0.004269644387412189	0.9141972955569057	0.0	0.0008963572513526214
V2	4:Ins:R:0	0.6554426940812571	5.861462303605652e-44	0.07172093889539774	0.2616916709871236	0.011144243011431952	4.5302478977919606e-07
V2	4:Ins:R:1	0.13612158646511516	0.026978722736239122	0.02017551206330706	0.7524025555821867	0.06204471099134344	0.0022769121618084203
V2	4:Ins:R:2	0.00022680337726943507	0.0004495613354280928	3.174248244545845e-05	0.9992002060785786	8.352317110378187e-05	8.163555174638535e-06
V2	4:Ins:R:3	0.13813114169826524	0.06858802164745331	0.026490921778792136	0.6883965152503295	0.07145630444943034	0.006937095175729415
V2	4:Ins:R:4	0.4602903041960388	0.3472427969143266	0.1641446765815529	0.00017768163071574583	1.7434927440636536e-05	0.02812710574992539
V2	4:Ins:R:5	0.0	0.06451698254189704	0.10286535734319985	0.7383376598795282	0.08816850435008443	0.0061114958852904145
V2	5:Ins:R:0	2.0094434658847165e-05	0.6333223100506685	0.3659361822742199	0.0005981619929184874	0.00012066139262716804	2.5898549070660436e-06
V2	5:Ins:R:1	0.26767928418952375	0.004460664120315122	0.47637035856672494	0.2362045872900679	0.012870217407504473	0.0024148884258637835
V2	5:Ins:R:2	0.0018499060329424965	0.0007920563322661466	0.00039421969258043567	0.00822142727380673	0.9334249854746693	0.05531740519373478
V2	5:Ins:R:3	0.13813114169826524	0.06858802164745331	0.026490921778792136	0.6883965152503295	0.07145630444943034	0.006937095175729415
V2	5:Ins:R:4	0.13813114169826524	0.06858802164745331	0.026490921778792136	0.6883965152503295	0.07145630444943034	0.006937095175729415
V2	5:Ins:R:5	0.16743562432590972	0.13220837560161147	0.1535542144267905	0.02316581567545471	0.027093019889311395	0.4965429500809221
V2	2:Del:M:1	0.8153659277065387	0.07092889564270864	0.05433617868258137	0.0	0.059368997968171196	0.0
V2	3:Del:M:1	0.4389283257436848	0.06154918751256812	0.4294451006913447	0.03923819087304387	0.030839037789255553	1.5739010297446808e-07
V2	3:Del:M:2	0.3667764702843238	0.08686982571530112	0.059750211632563506	0.4653255167181679	0.021189416358560274	8.855929108318553e-05
V2	4:Del:M:1	0.44176994948515136	0.002879645676252544	0.46660285176584015	0.038681784243956414	0.05006570826676612	6.056203344509175e-08
V2	4:Del:M:2	0.7560641422236912	0.024908440313009157	0.05462213321529754	0.16096909014340602	0.0	0.003436194104595921
V2	4:Del:M:3	0.7673709694853621	0.04080467465631299	0.13683429916469214	7.470440361809522e-06	0.05498258625327085	0.0
V2	5:Del:M:1	0.021408638946029415	0.06961618756607306	0.8893661128158721	8.20483750362781e-07	0.019608232320200026	7.868075101285864e-09
V2	5:Del:M:2	0.0	0.01708105462652151	0.8660966913192953	0.10904628920847594	0.006416923617228011	0.0013590412284791185
V2	5:Del:M:3	0.013386923239919402	0.055766735859678875	0.8020120879166259	0.06531110505985115	0.06335938905127934	0.00016375887264528143
V2	5:Del:M:4	0.002805890970623144	0.09514823217885063	0.8420983143575292	5.627906274070027e-05	0.05989089174534822	3.916849080497359e-07
V2	5:Del:M:5	0.008521596022144202	0.03410479800357437	0.28558822645159665	0.6688953261235535	0.0028900533991311162	0.0
V3	1:Del:C:0	0.9862916278857724	0.00043983423216336314	0.009985515567895429	0.0	0.0016688768099907645	0.0016141455041779028
V3	1:Del:C:1	0.9762397818250299	0.0026839251798252478	0.016669106405251276	0.0009360629637309124	0.003471123626162728	0.0
V3	1:Del:C:2	0.8727815305988927	0.044505728075362294	0.06902370358396556	0.010444386935636343	0.0	0.0032446508061431496
V3	1:Del:C:3	0.9232228498072883	0.010336461595640532	0.037290822991896455	0.01221277545028533	0.010910673776690022	0.006026416378199323
V3	1:Del:C:4	0.9670550281127082	0.0047636543895507415	0.0046994562600504	0.010576712972801345	0.01279025130987316	0.00011489695501623683
V3	1:Del:C:5	0.30223639685932835	0.02778244283681247	0.020157141778520054	0.05485187653044685	0.5855448466714346	0.009427295323457695
V3	1:Del:T:0	0.9668600913733014	7.978901430460156e-05	0.02398321736818236	0.0006250586115233684	0.003072111018405677	0.005379732614282763
V3	1:Del:T:1	0.9748044969353103	0.0006546628900956855	0.017795418994997356	0.0002117755765219683	0.0038305214971807856	0.0027031241058939107
V3	1:Del:T:2	0.9825727457550851	0.00247679754567819	0.005450352432502203	0.0022435836650171216	0.0008761856595352117	0.0063803349421822
V3	1:Del:T:3	0.9584155988625856	0.011128503346736715	0.008373800724519556	0.003676722685107241	0.005534436434091857	0.012870937946959093
V3	1:Del:T:4	0.968907649383122	0.0071039774682290216	0.0	0.015253859800153166	0.0021434455988051044	0.0065910677496906715
V3	1:Del:T:5	0.001001780422466397	1.7296315214638802e-32	0.0012224762091581041	0.7810505514535331	6.290543657351161e-07	0.2167245628604768
V3	1:Ins:C:0	9.671895696101447e-06	0.0004399300548102725	0.8328604320032409	1.2390842240057059e-05	0.07099183211212239	0.09568574309189032
V3	1:Ins:C:1	0.0001467276060473057	0.16265137358215814	0.8131378916048744	0.023940830295378378	0.0	0.0001231769115418929
V3	1:Ins:C:2	7.551806695862436e-05	0.00787655396294887	0.47390096334677295	0.018407787220658566	0.49973917740266105	0.0
V3	1:Ins:C:3	1.0979571073004534e-05	0.0065842489203668106	0.0013552206432824385	0.0046453406857725485	0.0100717212541223	0.9773324889253828
V3	1:Ins:C:4	0.0037593027573969507	0.0020909442213862908	0.001049663012707195	2.090870054680929e-06	1.762683797263076e-07	0.9930978228700751
V3	1:Ins:C:5	0.09905161100716442	0.7804108361390184	0.02891383289564994	0.09162371995816727	0.0	0.0
V3	1:Ins:T:0	0.8954068639478193	0.031140064844052975	0.037014749040958916	0.005567746282843955	0.025059403076972478	0.005811172807352265
V3	1:Ins:T:1	0.906948261213723	0.017770132484546924	0.06642607617280302	0.008468780698342391	0.0	0.000386749430584647
V3	1:Ins:T:2	0.8730922094546417	0.0028125380097362104	0.0507306495748048	0.0052902537861514625	0.0007257753901203417	0.06734857378454542
V3	1:Ins:T:3	0.2708703355642469	0.2681565025951445	0.3020829462505241	0.07004534584568359	0.0740472869712745	0.014797582773126459
V3	1:Ins:T:4	0.6151590694196001	0.3337948473727577	0.0045136376753630225	0.04368225411928563	0.0	0.002850191412993487
V3	1:Ins:T:5	0.0059176692337991775	0.9900323276913189	3.9670131138900674e-05	5.017045802429842e-08	4.239116045288345e-07	0.004009858861680411
V3	2:Del:R:0	0.8730838546436177	0.01990071151015456	0.03551518443445503	0.0	0.07123697366195683	0.000263275749815878
V3	2:Del:R:1	0.5524159897355532	0.09654069832557266	0.2665802575448472	0.044750548573839345	0.03971250582018765	0.0
V3	2:Del:R:2	0.8166613887410142	0.003424436080379118	0.045103499968977924	0.1216086853841115	0.0024666205080257717	0.010735369317491571
V3	2:Del:R:3	6.497766880653703e-06	0.17513986246045066	0.001192176329531624	0.16076551386307375	0.6178513495983622	0.04504459998170106
V3	2:Del:R:4	0.0009873557420706726	4.061995820051571e-06	0.4209999559075429	0.37017707739028505	0.20783154896428133	0.0
V3	2:Del:R:5	0.5847949358123118	1.046662137633957e-06	1.2266226059536264e-05	0.07847087999934675	0.3367145420196559	6.329280488455643e-06
V3	3:Del:R:0	0.7138684830474517	0.013313886892811934	0.20800875034034905	0.024997144777570816	0.02576694695464509	0.014044787987171353
V3	3:Del:R:1	0.08600251956916817	0.013046998945812164	0.017150598732583882	0.0184674000078416	0.8576046268152157	0.007727855929378366
V3	3:Del:R:2	0.6214227941199759	0.03286855089256826	0.0683204660445874	0.04888693663834254	0.18808636574555956	0.040414886558966266
V3	3:Del:R:3	0.8747357507028638	0.0	0.00789526479760188	0.11736605276392967	2.9317356047554897e-06	0.0
V3	3:Del:R:4	0.5443484347698094	0.09828810444841438	0.0438023751342488	0.06829525069885149	0.18189192165450596	0.06337391329417003
V3	3:Del:R:5	0.5443484347698094	0.09828810444841438	0.0438023751342488	0.06829525069885149	0.18189192165450596	0.06337391329417003
V3	4:Del:R:0	0.6050279461649671	0.01676361041759533	0.3151055679486387	0.0035891543966753126	0.037419053925959546	0.022094667146164006
V3	4:Del:R:1	0.7804416014248431	0.05305421987955262	0.007831281388790292	0.0375473856107006	0.11817896777392842	0.0029465439221848574
V3	4:Del:R:2	0.40821405395161386	0.08789835091779971	0.15662574531049897	0.06168774624289312	0.22055641735858986	0.06501768621860447
V3	4:Del:R:3	0.9985737983479258	0.00014759600301615672	7.34644736531023e-05	0.00010147384115967475	0.0009873681169023717	0.00011629921734283005
V3	4:Del:R:4	0.5443484347698094	0.09828810444841438	0.0438023751342488	0.06829525069885149	0.18189192165450596	0.06337391329417003
V3	4:Del:R:5	2.617889925780372e-06	2.7140158948173797e-07	9.885422443483578e-10	2.8263442533155717e-07	0.9999963908710482	4.3621446885737026e-07
V3	5:Del:R:0	0.00800466469750376	1.3413238484663718e-06	0.9851022713972678	2.8844507269794105e-07	0.006713179464047922	0.00017825467225923334
V3	5:Del:R:1	0.5577290490923935	0.00859379126965261	0.21769921706057938	0.03247379607925404	0.18350414649812055	0.0
V3	5:Del:R:2	0.8218303217716062	0.0	0.03726559264847616	0.05729301270566847	0.06975505030667778	0.013856022567571364
V3	5:Del:R:3	0.16991921946029748	0.0076936475353144105	6.365639142992095e-07	0.004861220754438589	0.8169662238875706	0.0005590517984646586
V3	5:Del:R:4	0.48469445105517733	3.219837585242791e-08	6.181603941213498e-05	1.26211939196467e-05	7.239833914036288e-06	0.515223839679201
V3	5:Del:R:5	0.5443484347698094	0.09828810444841438	0.0438023751342488	0.06829525069885149	0.18189192165450596	0.06337391329417003
V3	2:Ins:R:0	0.4525475485567818	0.04808376686057849	0.08167449215531646	0.0	0.0667828214583633	0.35091137096895986
V3	2:Ins:R:1	0.9115623357631101	0.00856165907742554	0.06765315325714877	0.012222851902315604	0.0	0.0
V3	2:Ins:R:2	0.0	0.02188617809711762	0.04352017771039741	0.034887040065633035	0.045005115161122655	0.8547014889657293
V3	2:Ins:R:3	0.652820857936817	0.03569020631489944	0.2633958443028303	1.087541945307609e-05	0.04806035169659252	2.1864329407669506e-05
V3	2:Ins:R:4	1.438122520142804e-05	0.29614652249275003	0.1622507195387475	0.33147318831232925	0.08084179679356457	0.12927339163740717
V3	2:Ins:R:5	0.09336824468330338	0.5754591148733026	0.0654843201330538	0.21365245436282995	0.015150777023150909	0.03688508892435926
V3	3:Ins:R:0	0.00037014784856384645	0.32579204051019955	0.2003383780186668	1.5104955303068155e-05	0.47333225654275113	0.00015207212451558199
V3	3:Ins:R:1	0.7025274609429771	0.053975574955013254	0.09813810212595202	0.045954388218559884	0.06963101060976647	0.029773463147731223
V3	3:Ins:R:2	0.0003960200290330826	0.00010323879851982805	0.5260151700076652	0.4721844780432621	0.0005941941454084126	0.0007068989761115078
V3	3:Ins:R:3	0.5443484347698094	0.09828810444841438	0.0438023751342488	0.06829525069885149	0.18189192165450596	0.06337391329417003
V3	3:Ins:R:4	0.6906711647965674	0.01064042380918398	0.05976512886065183	0.038841340585282526	0.20008103838223215	9.035660821087103e-07
V3	3:Ins:R:5	0.3302595174095142	0.29195500216325093	0.025174224847644883	0.3234115938270055	0.0	0.029199661752584614
V3	4:Ins:R:0	0.9372532674576903	3.0478635394718216e-44	0.043031195843956975	0.009420600777189661	0.010293434191708493	1.5017294544863854e-06
V3	4:Ins:R:1	0.622429715382272	0.04485924986802628	0.038708210585274634	0.08661239370278528	0.18325488667484088	0.024135543786800988
V3	4:Ins:R:2	0.008848734892226113	0.006378050086445244	0.0005196222841209006	0.9814103750746395	0.0021048740974394424	0.0007383435651288435
V3	4:Ins:R:3	0.5443484347698094	0.09828810444841438	0.0438023751342488	0.06829525069885149	0.18189192165450596	0.06337391329417003
V3	4:Ins:R:4	0.6387138894352994	0.17521653409811472	0.09556889159905098	6.207025482149842e-06	1.56272356209372e-05	0.09047885060643178
V3	4:Ins:R:5	0.0	0.15007462001544802	0.2760897293623837	0.11890151356636713	0.36430644548660607	0.09062769156919522
V3	5:Ins:R:0	5.233501176855277e-05	0.5998029913620114	0.39988682872313924	3.921947825836595e-05	0.00020298892791453124	1.56364969080087e-05
V3	5:Ins:R:1	0.5473623598549904	0.0033168588933633323	0.40871456091483177	0.012159478747266365	0.016999397631232042	0.011447343958315993
V3	5:Ins:R:2	0.0025214205189000144	0.0003925717017241558	0.00022544943012210809	0.0002821040341547976	0.8217931522210213	0.1747853020940777
V3	5:Ins:R:3	0.5443484347698094	0.09828810444841438	0.0438023751342488	0.06829525069885149	0.18189192165450596	0.06337391329417003
V3	5:Ins:R:4	0.5443484347698094	0.09828810444841438	0.0438023751342488	0.06829525069885149	0.18189192165450596	0.06337391329417003
V3	5:Ins:R:5	0.11554455775560071	0.03317629653888021	0.04446093404942898	0.000402453481381461	0.012076651308501905	0.7943391068662067
V3	2:Del:M:1	0.9036477535465438	0.028584929017690625	0.025266839362806003	0.0	0.042500478072959494	0.0
V3	3:Del:M:1	0.6626286042662232	0.033788289110815536	0.2720191232247475	0.0014912553331302874	0.030072177255502614	5.508095808966183e-07
V3	3:Del:M:2	0.8167972481293917	0.07034756275369347	0.05582997842006722	0.026087720374724312	0.030480302739991635	0.00045718758213155814
V3	4:Del:M:1	0.6574862064510811	0.001558464217783338	0.29137553051280507	0.0014493171693156553	0.04813027270091809	2.0894809671355244e-07
V3	4:Del:M:2	0.9450113976579635	0.011321194341309303	0.02864588705195606	0.005065092229476769	0.0	0.0099564287192943
V3	4:Del:M:3	0.8768578208225795	0.016955126729054117	0.06560455585315714	2.1490003235554545e-07	0.04058228169517692	0.0
V3	5:Del:M:1	0.049494036648632035	0.058524991581363504	0.862699622995749	4.775295653244573e-08	0.029281258853608976	4.216768991405494e-08
V3	5:Del:M:2	0.0	0.01636061306966184	0.9571922602655824	0.007230943040461658	0.010917719648251153	0.008298463976043082
V3	5:Del:M:3	0.032404125165421946	0.0490864991285722	0.8145460740186268	0.0039799079104541005	0.09906448613554704	0.0009189076413779725
V3	5:Del:M:4	0.006534125487900096	0.08057210484105705	0.8228007715778797	3.299362232928145e-06	0.09008758426343776	2.114467492486891e-06
V3	5:Del:M:5	0.05344145147513932	0.07777501273198194	0.7514720209224104	0.10560437916220926	0.011707135708259209	0.0
V4	1:Del:C:0	0.9852178022711624	9.520740028917207e-05	0.011455869083628634	0.0	0.002039046650823239	0.0011920745940966928
V4	1:Del:C:1	0.9758354471989352	0.0005813601624902343	0.019136523905431954	0.0002027588998330893	0.004243909833309518	0.0
V4	1:Del:C:2	0.9031624627868492	0.00998001093488911	0.08203312102771934	0.0023420602320977793	0.0	0.0024823450184443072
V4	1:Del:C:3	0.933738200197387	0.002265401858383662	0.043316284233405125	0.00267662622698346	0.013497276062762424	0.004506211421078539
V4	1:Del:C:4	0.9753397766393413	0.0010411175543330931	0.005443559889677125	0.002311586996588251	0.015778285300515747	8.567361954442849e-05
V4	1:Del:C:5	0.2833998407621789	0.005645183239058521	0.021707631175349892	0.011145488387734322	0.6715664319887702	0.0065354244469080685
V4	1:Del:T:0	0.9646486248156487	1.725056763433526e-05	0.027481700577383236	0.00013513910339014808	0.0037490255404565524	0.003968259395486855
V4	1:Del:T:1	0.9727480914091664	0.0001415648268158497	0.020394906852292487	4.579452000063315e-05	0.004675378177207662	0.0019942642145170217
V4	1:Del:T:2	0.9868713710387493	0.0005390649817963508	0.006287110119947966	0.0004883069226434815	0.0010763857895420058	0.004737761147320991
V4	1:Del:T:3	0.9705215714432702	0.0024419842308218004	0.009738780681121986	0.0008068020054798738	0.006854893328461151	0.009635968310844966
V4	1:Del:T:4	0.9874246225793393	0.0015688373440039215	0.0	0.003368651576065076	0.002671837318936919	0.004966051181654925
V4	1:Del:T:5	0.0030184298786024672	1.1293197353062055e-32	0.0042303822557612815	0.5099674647937374	2.3183164127582657e-06	0.48278140475548614
V4	1:Ins:C:0	8.68039778383319e-06	8.555914402990199e-05	0.8584814150815576	2.4098145700139615e-06	0.07793138335122102	0.06349055221083759
V4	1:Ins:C:1	0.00015055778924076752	0.036166285609854264	0.9582663575204707	0.005323354405994913	0.0	9.344467443921975e-05
V4	1:Ins:C:2	6.502908376998917e-05	0.0014697646515908647	0.46867847336022517	0.0034348923524420267	0.5263518405519719	0.0
V4	1:Ins:C:3	1.485967281043652e-05	0.0019310116282232265	0.002106514853702709	0.0013623735964079428	0.01667260834711989	0.9779126319017357
V4	1:Ins:C:4	0.005082624894275612	0.0006126013913206214	0.0016299012578882969	6.12579662081539e-07	2.914950246950816e-07	0.9926739683818288
V4	1:Ins:C:5	0.3083537385840465	0.5264604384275193	0.10337701467129212	0.06180880831714187	0.0	0.0
V4	1:Ins:T:0	0.9129163714772359	0.006879943377289405	0.04334270681994247	0.0012301123763522118	0.031250521992464815	0.0043803439567151195
V4	1:Ins:T:1	0.9168406062455545	0.003892752282515998	0.07712240622207847	0.0018551839960826444	0.0	0.0002890512537682606
V4	1:Ins:T:2	0.8874762443465545	0.0006195121087771871	0.05922399392339552	0.0011652735954784759	0.0009023496198679851	0.05061262640592621
V4	1:Ins:T:3	0.34174465702853474	0.07331340584484597	0.43772075613155065	0.019150245538816106	0.11426820799048579	0.013802727465766797
V4	1:Ins:T:4	0.8734969221472834	0.10270896464858421	0.0073609062489921285	0.013441067558175689	0.0	0.0029921393969646434
V4	1:Ins:T:5	0.02648126015730436	0.9600461543163097	0.00020388357593197605	4.865089142981314e-08	2.32027384596931e-06	0.013266333025716547
V4	2:Del:R:0	0.8682970605311081	0.004288799591386067	0.040565524232019555	0.0	0.08665503716373779	0.00019357848174852063
V4	2:Del:R:1	0.5890711669029186	0.022308313362024695	0.32648268481896175	0.010340812507291275	0.051797022408803656	0.0
V4	2:Del:R:2	0.900884091978851	0.0008185981043785565	0.057143624572541865	0.029070082487970092	0.0033281677753194544	0.008755435080938942
V4	2:Del:R:3	7.52765065547092e-06	0.04396783785127576	0.0015862311326281008	0.0403592417300478	0.8754983009602961	0.03858086067509686
V4	2:Del:R:4	0.0012056658091376586	1.0748491969439892e-06	0.590426693725436	0.09795296499221148	0.3104136006240179	0.0
V4	2:Del:R:5	0.5769101596671932	2.2375145772708347e-07	1.3897804337823899e-05	0.01677520678131315	0.40629589570899394	4.616286704328419e-06
V4	3:Del:R:0	0.7117556685386838	0.0028765528954461652	0.23819079603127616	0.005400797660871643	0.03142329102161253	0.010352893852109541
V4	3:Del:R:1	0.07368197207042601	0.002422230502875581	0.016875630088993405	0.0034285508716283665	0.8986967265330634	0.004894889933013331
V4	3:Del:R:2	0.6357002942756873	0.007286191235148294	0.08026878663627758	0.010837093804706793	0.23534150484081917	0.030566129207360817
V4	3:Del:R:3	0.9620515257734809	0.0	0.009972838845277233	0.02797169151447076	3.9438667711981095e-06	0.0
V4	3:Del:R:4	0.6047733815093241	0.023663088287567458	0.055891272111363625	0.016442239434545806	0.24717530496816667	0.05205471368903213
V4	3:Del:R:5	0.6047733815093241	0.023663088287567458	0.055891272111363625	0.016442239434545806	0.24717530496816667	0.05205471368903213
V4	4:Del:R:0	0.5854501417592926	0.0035150929608832853	0.3501879536728372	0.0007525951176981854	0.044287713743572356	0.015806502745716558
V4	4:Del:R:1	0.816535058534965	0.012028435202699212	0.009410179304323456	0.008512730860512303	0.15123440263024707	0.002279193467253088
V4	4:Del:R:2	0.43503210316408764	0.020298729528745424	0.19170222334007953	0.014245806242637915	0.28749416262488275	0.05122697509956681
V4	4:Del:R:3	0.9985679900087179	3.1983563208673304e-05	8.437338830252157e-05	2.1989044055631114e-05	0.0012076818827802525	8.59821129352729e-05
V4	4:Del:R:4	0.6047733815093241	0.023663088287567458	0.055891272111363625	0.016442239434545806	0.24717530496816667	0.05205471368903213
V4	4:Del:R:5	2.140306074933535e-06	4.8083011949757895e-08	9.282188427290579e-10	5.0073083494393674e-08	0.9999974969410089	2.6366860190013703e-07
V4	5:Del:R:0	0.006974302243016033	2.532480098305638e-07	0.9857563533069896	5.4459734455409e-08	0.007154212817032211	0.00011482392521771625
V4	5:Del:R:1	0.5357078047152959	0.0017887279156430507	0.24015532482951107	0.006759157134637926	0.2155889854049119	0.0
V4	5:Del:R:2	0.8449747551083769	0.0	0.04400482015682138	0.012764917383039861	0.08772294587644053	0.01053256147532129
V4	5:Del:R:3	0.14494300200316754	0.0014221382228433704	6.236305873329457e-07	0.0008985761061751163	0.8523830938623035	0.00035256617492320397
V4	5:Del:R:4	0.5598914864361985	8.059805412513451e-09	8.201015579117974e-05	3.159301187493897e-06	1.0229170025846106e-05	0.4400131068769916
V4	5:Del:R:5	0.6047733815093241	0.023663088287567458	0.055891272111363625	0.016442239434545806	0.24717530496816667	0.05205471368903213
V4	2:Ins:R:0	0.504011334348727	0.011604577797080042	0.10447037989574105	0.0	0.09097390307755422	0.28893980488089754
V4	2:Ins:R:1	0.9172807746917488	0.0018669325350974277	0.07818701029907375	0.00266528247408003	0.0	0.0
V4	2:Ins:R:2	0.0	0.006330059827826669	0.06671206983835841	0.01009025193212364	0.07347184840389819	0.8433957699977931
V4	2:Ins:R:3	0.6388506218526664	0.007568488122034806	0.2960362290280602	2.306248448846619e-06	0.057526535884174765	1.5818864615082346e-05
V4	2:Ins:R:4	2.7826447799577032e-05	0.12417189104186677	0.3605613398454551	0.13898408219001243	0.19132592350573094	0.18492893696913526
V4	2:Ins:R:5	0.24227751568124717	0.32358111423975977	0.1951559897983807	0.1201369436263165	0.04808668096466045	0.07076175568963539
V4	3:Ins:R:0	0.0004205632389903064	0.08021421251874225	0.26142726380264564	3.71903528664777e-06	0.6578064976899329	0.0001277437144021042
V4	3:Ins:R:1	0.7441443118833925	0.012389275597708705	0.11938840805134097	0.010548133688957692	0.09021370888708596	0.0233161618915142
V4	3:Ins:R:2	0.0005592577999723236	3.159312715909898e-05	0.8531468912583294	0.14449784839861776	0.00102635888217001	0.0007380505337512855
