Sample Names	MutationType	ID83A	ID83B	ID83C	ID83D	ID83E	ID83F
V1	1:Del:C:0	0.0	0.008650775399432934	0.545675538319688	5.674467279928309e-05	0.0	0.44561694160807985
V1	1:Del:C:1	0.03294670698758694	0.0	0.21664728219706056	0.06835951918888235	0.05766096916922877	0.6243855224572414
V1	1:Del:C:2	4.22451509746943e-06	0.0	0.03799650762124929	0.060257163524921206	0.0290852577332059	0.8726568466055261
V1	1:Del:C:3	0.0	0.06190400799244426	0.07506154048784701	0.02008201505197245	0.23137363108137432	0.6115788053863618
V1	1:Del:C:4	0.0	0.32709048808278207	0.15691059983057024	0.17932843874925763	0.33667047333739	0.0
V1	1:Del:C:5	0.026474975254836188	0.6032246682141348	0.0	0.0	0.35359129831932234	0.016709058211706627
V1	1:Del:T:0	0.03904444791451491	0.027011332987196924	0.14109491989633724	0.06176881884793751	0.05224808688130465	0.6788323934727087
V1	1:Del:T:1	0.002821395005286456	0.01759522030099149	0.4025638349698151	0.05227130886548629	0.13366264799937946	0.39108559285904115
V1	1:Del:T:2	0.4502511422440258	0.10235473648002992	0.3688306192875475	0.06887976850389624	0.0010370124120072993	0.008646721072493311
V1	1:Del:T:3	0.05249353251315825	0.38285232486859544	0.3705623630948453	0.03551214792191575	0.08762855736024106	0.07095107424124429
V1	1:Del:T:4	0.0	0.6168103940487633	0.2343250222053719	0.03770470181351168	0.10460832116283963	0.006551560769513481
V1	1:Del:T:5	5.183225890531209e-06	0.9999872883410315	1.5807313292985606e-07	2.289123637071322e-06	4.1752215236339965e-07	4.663714155711778e-06
V1	1:Ins:C:0	2.114151502899608e-05	0.009712420678227267	1.5428228866454688e-06	0.13053317893477093	8.260291352008902e-06	0.8597234557577341
V1	1:Ins:C:1	7.478539177053128e-05	6.3672263537993314e-06	0.0014620178951394022	7.817228207861528e-06	7.426940931357952e-06	0.998441585317597
V1	1:Ins:C:2	0.0	0.07484231779829793	0.011934875042012516	8.368944543854863e-05	0.1241767180358332	0.7889623996784179
V1	1:Ins:C:3	0.4518034265668358	5.003189418251885e-05	1.1840640728418639e-06	0.02012381785788441	0.5280097606141124	1.1779002911959382e-05
V1	1:Ins:C:4	0.08534719598546833	0.01887564489695449	0.0006492574123920476	0.8661988274986115	0.028929074206573657	0.0
V1	1:Ins:C:5	0.9989345361123512	3.8936698375329516e-07	7.140405843977847e-06	1.9064738259142028e-07	0.0002930963899972423	0.000764647077441265
V1	1:Ins:T:0	0.14662316235376593	0.12445225032733827	0.35282800580576074	0.10942398284369391	0.14488947530470053	0.12178312336474066
V1	1:Ins:T:1	0.0998161678790825	0.016672295396435326	0.1007511794024403	0.06293441448998868	0.0	0.7198259428320533
V1	1:Ins:T:2	2.5891437068303546e-07	3.316455989051943e-08	0.00016155982216625834	0.9977760722957077	1.9243074244774367e-06	0.0020601514957709916
V1	1:Ins:T:3	0.03487276274802531	0.04862724073862785	0.01729959195457992	0.03813254540880555	0.7225125012388542	0.13855535791110707
V1	1:Ins:T:4	0.07906253682689443	0.04825222029624451	0.0003908496944830406	0.0	0.8722939462999534	4.468824246458883e-07
V1	1:Ins:T:5	1.2930020289131784e-05	2.68540827107314e-08	0.00018499214939144112	0.0004641414252167896	0.9972433346129868	0.0020945749380331504
V1	2:Del:R:0	0.05252567198986965	0.0	0.08053579316139506	0.0285261702997615	0.04336192897401279	0.7950504355749611
V1	2:Del:R:1	0.07845850663320954	0.09287431524724074	0.03266243541558314	0.020576235948181518	0.006699270608990287	0.7687292361467948
V1	2:Del:R:2	0.008999755256810373	0.5073117894076536	0.03118666528779328	0.0	0.17964802115529566	0.272853768892447
V1	2:Del:R:3	0.2582760876053232	0.3040284528678656	0.08677581614088271	0.13001562085588184	0.2208955162306433	8.506299403271479e-06
V1	2:Del:R:4	0.00022679776890491656	0.4291334973212275	3.31148423127845e-05	0.00027711111625333977	0.00037782133417186154	0.5699516576171296
V1	2:Del:R:5	2.4701320204698984e-05	0.01878889615339986	2.878513585832405e-06	0.7695046260467153	1.0951503703279255e-05	0.21166794646239093
V1	3:Del:R:0	0.050819311262065986	0.008971261804555751	0.008004075904587162	0.10039375241145997	0.0008340637703557204	0.8309775348469753
V1	3:Del:R:1	0.15926570447399832	0.23101212698241647	0.04427376397994735	0.043980793494631194	0.41180514189839934	0.10966246917060729
V1	3:Del:R:2	0.19209437368896418	0.37258527466148317	0.0819473296696392	1.6915951102927558e-06	0.12735892935337675	0.2260124010314264
V1	3:Del:R:3	0.2670648331667753	0.02072133863677134	0.0019509884173646145	0.1159091890318697	0.40417453240417883	0.19017911834304027
V1	3:Del:R:4	0.36100835183648633	0.05690168020647144	0.022127129304445416	0.14586025012140197	0.2783703479809777	0.13573224055021715
V1	3:Del:R:5	0.36100835183648633	0.05690168020647144	0.022127129304445416	0.14586025012140197	0.2783703479809777	0.13573224055021715
V1	4:Del:R:0	5.420573343600063e-06	5.594003709287127e-06	0.020738544003359477	0.07996827298441991	6.875767117843199e-06	0.8992752926680498
V1	4:Del:R:1	0.010277320971051888	0.0004920195851766146	0.001475806716306779	0.977921864586883	6.87353146469928e-07	0.009832300787435178
V1	4:Del:R:2	0.001438689980862969	0.46208188281341417	0.5338429405032636	0.00038796580803269283	0.001635371351846478	0.0006131495425800876
V1	4:Del:R:3	0.36100835183648633	0.05690168020647144	0.022127129304445416	0.14586025012140197	0.2783703479809777	0.13573224055021715
V1	4:Del:R:4	0.36100835183648633	0.05690168020647144	0.022127129304445416	0.14586025012140197	0.2783703479809777	0.13573224055021715
V1	4:Del:R:5	0.0070786893357966925	0.9809133402403035	0.000426237642158924	0.002757834798724005	0.006336392362122257	0.0024875056208946166
V1	5:Del:R:0	1.0171179777002444e-05	0.001458570338682377	7.718542625807754e-05	2.539750307221478e-06	1.3309986651072498e-06	0.9984502023063103
V1	5:Del:R:1	0.058460736838530605	0.40237553009370197	0.004680844295849266	0.0557879530619251	0.20575535272689285	0.27293958298310017
V1	5:Del:R:2	2.7099552903734386e-05	0.3010401335324521	0.018945679616335545	0.12783815743668475	0.02362604153564675	0.528522888325977
V1	5:Del:R:3	0.36100835183648633	0.05690168020647144	0.022127129304445416	0.14586025012140197	0.2783703479809777	0.13573224055021715
V1	5:Del:R:4	0.36100835183648633	0.05690168020647144	0.022127129304445416	0.14586025012140197	0.2783703479809777	0.13573224055021715
V1	5:Del:R:5	1.635809299738117e-05	4.057641360925915e-05	4.847490794855143e-05	0.00014158904086738477	0.2861752406280876	0.7135777609164898
V1	2:Ins:R:0	0.13759179136920713	4.4088988075148325e-07	0.024918927762125564	0.0	0.0	0.8374888399787864
V1	2:Ins:R:1	0.0003671137436177484	0.0	0.21150998096014378	8.171917009262197e-06	0.00018086428621561	0.7879338690930136
V1	2:Ins:R:2	0.42584938089943164	0.16693842592947253	0.014374277140662221	0.0	0.1797129643180068	0.21312495171242682
V1	2:Ins:R:3	4.867379201038379e-05	0.4073225346485673	0.031014651343935478	0.4568115114579345	0.0	0.10480262875755234
V1	2:Ins:R:4	0.120747454951384	0.10872982348340222	0.0030189933563765014	0.0	0.7229267164266892	0.044577011782148145
V1	2:Ins:R:5	1.7086938421540973e-07	0.21483586193545953	0.0	0.0	0.7851627972713306	1.1699238255138762e-06
V1	3:Ins:R:0	0.0	0.12882841356745706	0.005380724701090349	0.7269662305912097	0.0	0.13882463114024293
V1	3:Ins:R:1	0.051289050186931404	0.14372433565154488	0.0	0.23475946259604116	0.1855450559041579	0.38468209566132455
V1	3:Ins:R:2	0.6579112803917074	0.00018364982985721783	9.96210541165286e-06	9.805318430046683e-05	0.00011586214031462709	0.3416811923484085
V1	3:Ins:R:3	0.36100835183648633	0.05690168020647144	0.022127129304445416	0.14586025012140197	0.2783703479809777	0.13573224055021715
V1	3:Ins:R:4	0.0014110205568483353	0.0003106165869839494	8.64697805126664e-05	0.9968090587466604	0.0009003060496029384	0.0004825282793918173
V1	3:Ins:R:5	0.24279422780951534	0.4426017598637341	0.002590202698948548	0.0	0.3120126069858118	1.202641990081035e-06
V1	4:Ins:R:0	0.001154032025738085	0.0001413240554639303	0.00026977274090066714	0.3418983171967571	0.6558355143091137	0.0007010396720265587
V1	4:Ins:R:1	0.34862080051523653	0.11226164932887855	0.003129137395011067	0.0018949960560241772	0.019502656006925793	0.514590760697924
V1	4:Ins:R:2	0.36100835183648633	0.05690168020647144	0.022127129304445416	0.14586025012140197	0.2783703479809777	0.13573224055021715
V1	4:Ins:R:3	0.7558841172459445	2.1779633817434503e-05	0.0031173437293977708	0.00013651541858672743	0.24078100829037494	5.923568187869866e-05
V1	4:Ins:R:4	0.25099834672430815	3.4493073523715935e-07	3.0511173168662424e-06	5.7971426621387515e-06	0.4641118819265234	0.28488057815845413
V1	4:Ins:R:5	0.47465264702902893	0.1825175752448767	0.003972630253782382	0.0	0.12652260938142382	0.21233453809088815
V1	5:Ins:R:0	0.0010819067028773597	0.8653183089585301	0.13168391805812682	0.00021918209550959302	0.0014195434445658664	0.0002771407403903208
V1	5:Ins:R:1	0.026417120541566568	0.004686491205293826	0.0077370359018865895	0.04296703662480542	1.3210781095419578e-05	0.9181791049453522
V1	5:Ins:R:2	2.611508382442056e-05	0.08814341618844737	1.3466943872264517e-06	2.3799585730113748e-05	0.4326717492665636	0.4791335731810474
V1	5:Ins:R:3	0.008982910223740979	0.9750215295284241	0.0005762007320953653	0.003859325149154078	0.008323000980659332	0.0032370333859260978
V1	5:Ins:R:4	0.0008028332825325453	0.0006803860403103211	5.300144930494058e-05	0.38626927283662293	0.6118913578516635	0.0003031485395657344
V1	5:Ins:R:5	0.0005781206249964762	0.4334077726267291	1.7678414696804005e-05	0.00014074867085039214	0.5657087688587012	0.00014691080402602711
V1	2:Del:M:1	0.11998774217408785	0.021979815635950136	0.020227023150687466	0.02643648188101594	0.30580747043034695	0.5055614667279117
V1	3:Del:M:1	0.1322024166134593	4.7293339787594347e-45	0.011373416684366238	0.005807458848175034	0.0	0.8506167078539995
V1	3:Del:M:2	0.107877136473053	0.0743067885010152	0.0030331527622334156	0.11337487835155283	0.35338208173302665	0.34802596217911885
V1	4:Del:M:1	0.07437889236252913	0.04913190274067584	0.0016717673062836302	0.0	0.005586264295147138	0.8692311732953643
V1	4:Del:M:2	0.0	0.13521066593884815	0.10098811103259878	0.09722465764410569	4.84723816136759e-06	0.666571718146286
V1	4:Del:M:3	0.0	0.18905683209142374	0.0315284963142507	0.028401061081728792	0.041902303762750615	0.7091113067498461
V1	5:Del:M:1	5.674721522521748e-08	8.96945884217497e-05	6.382976061986916e-09	0.010078575500370512	0.005403827730433036	0.9844278390505834
V1	5:Del:M:2	0.018766180218947635	0.00035566953719604554	3.9018018422621906e-08	0.0	0.0004282048667476937	0.9804499063590902
V1	5:Del:M:3	2.4335817802367655e-06	3.2981687519299977e-05	0.0010337195144319387	0.009291940198536831	3.527271346849099e-05	0.9896036523042633
V1	5:Del:M:4	0.04670384466898063	0.009957579318171855	0.0032732270114389024	0.0	0.007819959606589095	0.9322453893948196
V1	5:Del:M:5	0.0	0.1143946561477741	1.7581288055887687e-07	0.033621022502571374	0.04278576920067817	0.8091983763360958
V2	1:Del:C:0	0.0	0.0	0.8947133658664653	0.0	0.0	0.10528663413353472
V2	1:Del:C:1	0.0018969637292266407	0.0	0.6912587760910294	0.0	0.019764651049452416	0.28707960913029157
V2	1:Del:C:2	4.5683245397271183e-07	0.0	0.22770059370354273	0.0	0.01872462802918311	0.7535743214348202
V2	1:Del:C:3	0.0	0.0	0.3991662586361345	0.0	0.13218129825073996	0.46865244311312554
V2	1:Del:C:4	0.0	0.0	0.8126772061696006	0.0	0.1873227938303995	0.0
V2	1:Del:C:5	0.011688977770510301	0.0	0.0	0.0	0.9294001503941917	0.05891087183529803
V2	1:Del:T:0	0.002873043480730401	0.0	0.5753534067097544	0.0	0.0228882983091813	0.3988852515003338
V2	1:Del:T:1	0.00010756234574942435	0.0	0.8504945356286426	0.0	0.03033658092856518	0.1190613210970429
V2	1:Del:T:2	0.02147649167762223	0.0	0.9749354940108497	0.0	0.00029447787404875565	0.003293536437479337
V2	1:Del:T:3	0.002421725515216812	0.0	0.9473726106028452	0.0	0.02406716746915992	0.026138496412778007
V2	1:Del:T:4	0.0	0.0	0.9505815359224864	0.0	0.04558865089204279	0.003829813185470826
V2	1:Del:T:5	0.09657426018321968	0.0	0.16321486635157914	0.0	0.04631279334117321	0.693898080124028
V2	1:Ins:C:0	3.0793919186940383e-06	0.0	1.2453325264400733e-05	0.0	7.162826391482632e-06	0.9999773044564255
V2	1:Ins:C:1	9.285264362965665e-06	0.0	0.010059365489048797	0.0	5.489688091267552e-06	0.9899258595584969
V2	1:Ins:C:2	0.0	0.0	0.08588465745379563	0.0	0.09599700626149395	0.8181183362847104
V2	1:Ins:C:3	0.12566217594370582	0.0	1.8250327336709323e-05	0.0	0.8742934120210502	2.6161707907262787e-05
V2	1:Ins:C:4	0.29074031070546313	0.0	0.12256693014536897	0.0	0.5866927591491677	0.0
V2	1:Ins:C:5	0.9918121063615389	0.0	0.0003928761569125603	0.0	0.0017324593215212634	0.006062558160027133
V2	1:Ins:T:0	0.006808835176329883	0.0	0.9079745766527922	0.0	0.04005597235279259	0.04516061581808537
V2	1:Ins:T:1	0.00873184067751891	0.0	0.48842225949738843	0.0	0.0	0.5028458998250926
V2	1:Ins:T:2	1.0186991383686597e-05	0.0	0.35226017662729514	0.0	0.000450738274825371	0.6472788981064959
V2	1:Ins:T:3	0.005447719152618415	0.0	0.14976302853803877	0.0	0.671945300303004	0.1728439520063388
V2	1:Ins:T:4	0.014934980710086832	0.0	0.004091514521794293	0.0	0.9809728306597735	6.741083453816156e-07
V2	1:Ins:T:5	2.1680431467520868e-06	0.0	0.0017189467067112308	0.0	0.9954743098167124	0.0028045754334296374
V2	2:Del:R:0	0.004722436019718573	0.0	0.4012580931101544	0.0	0.023209365029807284	0.5708101058403197
V2	2:Del:R:1	0.0097257656057996	0.0	0.22437410024927926	0.0	0.004943920538608014	0.7609562136063132
V2	2:Del:R:2	0.0018051350051230377	0.0	0.3466477034876813	0.0	0.21451695640233978	0.43703020510485596
V2	2:Del:R:3	0.04046796807761054	0.0	0.7534705910988146	0.0	0.20605079766892534	1.064315464952111e-05
V2	2:Del:R:4	4.9783687725011034e-05	0.0	0.00040282032590848875	0.0	0.0004937361918071074	0.9990536597945595
V2	2:Del:R:5	1.4611623772284414e-05	0.0	9.435979714189603e-05	0.0	3.8566681381300175e-05	0.9998524618977045
V2	3:Del:R:0	0.007122417479075649	0.0	0.06216561708655752	0.0	0.000695918061408822	0.9300160473729581
V2	3:Del:R:1	0.02681198456127247	0.0	0.413041356657455	0.0	0.4127229875368909	0.1474236712443817
V2	3:Del:R:2	0.026327367493694086	0.0	0.6223977246048071	0.0	0.10391599254618483	0.24735891535531387
V2	3:Del:R:3	0.06210745724764485	0.0	0.02514329177105736	0.0	0.5595722758762942	0.35317697510500357
V2	3:Del:R:4	0.08340568318469495	0.0	0.28329823432170387	0.0	0.38287901757597254	0.2504170649176285
V2	3:Del:R:5	0.08340568318469495	0.0	0.28329823432170387	0.0	0.38287901757597254	0.2504170649176285
V2	4:Del:R:0	6.506918557519921e-07	0.0	0.13795860927213896	0.0	4.913732436468633e-06	0.8620358263035687
V2	4:Del:R:1	0.060248703872964215	0.0	0.47944375922350146	0.0	2.39887662754103e-05	0.4602835481372589
V2	4:Del:R:2	4.860460931405522e-05	0.0	0.9994570613857637	0.0	0.00032891738049013476	0.00016541662443220724
V2	4:Del:R:3	0.08340568318469495	0.0	0.28329823432170387	0.0	0.38287901757597254	0.2504170649176285
V2	4:Del:R:4	0.08340568318469495	0.0	0.28329823432170387	0.0	0.38287901757597254	0.2504170649176285
V2	4:Del:R:5	0.08017906166987607	0.0	0.2675471423533464	0.0	0.4272778486627263	0.22499594731405115
V2	5:Del:R:0	1.2749950651766352e-06	0.0	0.0005361828013665497	0.0	9.932875522855194e-07	0.9994615489160161
V2	5:Del:R:1	0.01570533576569422	0.0	0.0696863206548866	0.0	0.3290745399278148	0.5855338036516043
V2	5:Del:R:2	5.0081314305089265e-06	0.0	0.1940278985438798	0.0	0.02599349964698764	0.779973593677702
V2	5:Del:R:3	0.08340568318469495	0.0	0.28329823432170387	0.0	0.38287901757597254	0.2504170649176285
V2	5:Del:R:4	0.08340568318469495	0.0	0.28329823432170387	0.0	0.38287901757597254	0.2504170649176285
V2	5:Del:R:5	2.2091560685738032e-06	0.0	0.0003627864999386271	0.0	0.2300837684286777	0.769551235915315
V2	2:Ins:R:0	0.016766627760442118	0.0	0.1682762975354982	0.0	0.0	0.8149570747040596
V2	2:Ins:R:1	2.0378595356912225e-05	0.0	0.6506461552965102	0.0	5.977046314158475e-05	0.3492736956449913
V2	2:Ins:R:2	0.106616247564903	0.0	0.19943151395207312	0.0	0.2678594548385068	0.426092783644517
V2	2:Ins:R:3	1.9045343332285214e-05	0.0	0.6725133761040724	0.0	0.0	0.3274675785525954
V2	2:Ins:R:4	0.024404055686243067	0.0	0.033813223737665266	0.0	0.8698382399145808	0.07194448066151093
V2	2:Ins:R:5	3.6554719607133846e-08	0.0	0.0	0.0	0.9999979647835525	1.9986617278043922e-06
V2	3:Ins:R:0	0.0	0.0	0.21196249489414679	0.0	0.0	0.7880375051058532
V2	3:Ins:R:1	0.012131431281176322	0.0	0.0	0.0	0.2612744681036954	0.7265941006151282
V2	3:Ins:R:2	0.19420870947303465	0.0	0.0001629644599052034	0.0	0.0002036118811578383	0.8054247141859022
V2	3:Ins:R:3	0.08340568318469495	0.0	0.28329823432170387	0.0	0.38287901757597254	0.2504170649176285
V2	3:Ins:R:4	0.09152995630158185	0.0	0.3108384036620925	0.0	0.3476804589868601	0.24995118104946548
V2	3:Ins:R:5	0.10820385639515126	0.0	0.06397032137768394	0.0	0.8278215422322506	4.2799949142066494e-06
V2	4:Ins:R:0	0.00029393780756444167	0.0	0.003807816864739517	0.0	0.9944723662617235	0.0014258790659724863
V2	4:Ins:R:1	0.07343402926960022	0.0	0.03652658702162154	0.0	0.024456709384873165	0.8655826743239051
V2	4:Ins:R:2	0.08340568318469495	0.0	0.28329823432170387	0.0	0.38287901757597254	0.2504170649176285
V2	4:Ins:R:3	0.3199428851514858	0.0	0.07312103463618083	0.0	0.6067358622039282	0.0002002180084051891
V2	4:Ins:R:4	0.04745581145787103	0.0	3.1968175375048206e-05	0.0	0.5223979090590374	0.43011431130771666
V2	4:Ins:R:5	0.1509885766212047	0.0	0.07003041964094224	0.0	0.23960535712005332	0.5393756466177997
V2	5:Ins:R:0	0.00014801924812328	0.0	0.9983929864454459	0.0	0.0011562114628198975	0.00030278284361103707
V2	5:Ins:R:1	0.0033922978441352785	0.0	0.05505839026552585	0.0	1.0099437702108435e-05	0.9415392124526366
V2	5:Ins:R:2	4.07916598999815e-06	0.0	1.1657069967853433e-05	0.0	0.40234507827034527	0.5976391854936969
V2	5:Ins:R:3	0.07723050079208697	0.0	0.27452758944568495	0.0	0.42600229354962926	0.2222396162125989
V2	5:Ins:R:4	0.00022001737500156607	0.0	0.0008049330415905761	0.0	0.9983116279964139	0.0006634215869938612
V2	5:Ins:R:5	0.00017151943242235568	0.0	0.0002906555257587158	0.0	0.9991897674499541	0.00034805759186486255
V2	2:Del:M:1	0.016902918535969733	0.0	0.15790547482901363	0.0	0.2564679541080563	0.5687236525269603
V2	3:Del:M:1	0.017498468134099488	0.0	0.0834241877338131	0.0	0.0	0.8990773441320874
V2	3:Del:M:2	0.020910759881996453	0.0	0.03258180110272419	0.0	0.4077980359685534	0.538709403046726
V2	4:Del:M:1	0.01041497800620874	0.0	0.012972535789734337	0.0	0.004656829413566482	0.9719556567904903
V2	4:Del:M:2	0.0	0.0	0.5125228116688315	0.0	2.642756260584493e-06	0.4874745455749079
V2	4:Del:M:3	0.0	0.0	0.2281160991811349	0.0	0.03256944660616846	0.7393144542126966
V2	5:Del:M:1	7.189264599314243e-09	0.0	4.481294945922615e-08	0.0	0.004075694368832651	0.9959242536289531
V2	5:Del:M:2	0.0023903807916001198	0.0	2.754208512745217e-07	0.0	0.00032471548996698	0.9972846282975815
V2	5:Del:M:3	3.057269361779133e-07	0.0	0.007196658139059944	0.0	2.6380731220492405e-05	0.9927766554027834
V2	5:Del:M:4	0.0060504243592358455	0.0	0.023499018778415513	0.0	0.006031119202793872	0.9644194376595548
V2	5:Del:M:5	0.0	0.0	1.4505824947231526e-06	0.0	0.037923716150144	0.9620748332673612
V3	1:Del:C:0	0.0	0.00011141157675112991	0.9487319756983782	4.567519367403682e-06	0.0	0.05115204520550329
V3	1:Del:C:1	0.001733207833448102	0.0	0.8120387306164452	0.011862295723249169	0.019851501130543334	0.15451426469631427
V3	1:Del:C:2	5.866210672818555e-07	0.0	0.37593203786435797	0.027600731422442307	0.02643178488217419	0.5700348592099583
V3	1:Del:C:3	0.0	0.0033208904248798496	0.543609476793302	0.006733224315876307	0.15391159008489189	0.29242481838104994
V3	1:Del:C:4	0.0	0.012202347408432224	0.7902445724631588	0.04181235754241022	0.1557407225859987	0.0
V3	1:Del:C:5	0.00967121202453116	0.11629888073849087	0.0	0.0	0.845317180419477	0.028712726817500995
V3	1:Del:T:0	0.002820050857606026	0.0010296622038481016	0.7260957592336461	0.014716280888055317	0.024696808404488232	0.23064143841235613
V3	1:Del:T:1	8.933650203693908e-05	0.0002940430098012824	0.9082066465956741	0.0054595838820621165	0.027697967196682344	0.05825242281374321
V3	1:Del:T:2	0.016640147136537872	0.0019964635407297205	0.9712123031508443	0.00839701898765833	0.00025081821842248294	0.0015032489658072968
V3	1:Del:T:3	0.0018963395257295752	0.007299492838417775	0.9537981458805614	0.004231733957764064	0.02071708964071887	0.012057198156808065
V3	1:Del:T:4	0.0	0.01822624477310698	0.9347553301178015	0.0069633951837206045	0.03832952456159556	0.0017255053637754633
V3	1:Del:T:5	9.8200683480592e-06	0.9999077944239961	2.1338176533876884e-05	1.4305885395960281e-05	5.176863122229834e-06	4.156458260387119e-05
V3	1:Ins:C:0	4.718961956177209e-06	0.0011441657810100378	2.453642645413548e-05	0.09610863345223555	1.2066422310029917e-05	0.9027058789560339
V3	1:Ins:C:1	1.5576731175371444e-05	6.999402063313005e-07	0.02169687110108729	5.3708553975434635e-06	1.0123770863518816e-05	0.9782713576012698
V3	1:Ins:C:2	0.0	0.0072956956950974445	0.15706200140042667	5.09882597817706e-05	0.15010022559191658	0.6854910890527776
V3	1:Ins:C:3	0.11369325082574973	6.64481982661553e-06	2.1229767431901315e-05	0.01670423762608506	0.8695606934924538	1.3943468452805887e-05
V3	1:Ins:C:4	0.026770159361582804	0.0031247451158119863	0.01450986876541395	0.8962112852052352	0.0593839415519561	0.0
V3	1:Ins:C:5	0.9940050082665439	2.044851467111551e-07	0.0005062433248413213	6.257682280787111e-07	0.0019086873670410456	0.003579230788198707
V3	1:Ins:T:0	0.005383956006545202	0.002411863773868823	0.923095936434174	0.013253865414194465	0.0348183787734713	0.021035999597746134
V3	1:Ins:T:1	0.009173545860589463	0.0008086914296037705	0.6597377748331631	0.01907900217659399	0.0	0.31120098570004967
V3	1:Ins:T:2	7.816305500178091e-08	5.284096107386769e-09	0.0034750703788017684	0.9935953991749987	3.8018292725073177e-06	0.0029256451697760293
V3	1:Ins:T:3	0.0051289964630563956	0.003774650723845442	0.18128704612333404	0.018500052381015306	0.6954472524063099	0.0958620019024389
V3	1:Ins:T:4	0.013535652515505005	0.004359903266887521	0.00476763607282369	0.0	0.9773364482472658	3.598975179290961e-07
V3	1:Ins:T:5	1.9737531793531265e-06	2.1634908292876615e-09	0.0020120177295320047	0.00023370881063174097	0.996248232338674	0.0015040652044920667
V3	2:Del:R:0	0.005301029657786388	0.0	0.5791118151763459	0.009496491958699204	0.028639800985854072	0.37745086222131446
V3	2:Del:R:1	0.012690265550472828	0.0079282511170376	0.3764125589105969	0.010978113620967315	0.0070913836014954166	0.5848994271994299
V3	2:Del:R:2	0.0018151887741669193	0.05400290877765421	0.4481721915996165	0.0	0.23712990151934676	0.25887980932921567
V3	2:Del:R:3	0.030471236713163583	0.01893089782920551	0.729439803012764	0.05059790480558113	0.1705554367515595	4.720887726237834e-06
V3	2:Del:R:4	7.78417943694988e-05	0.07773517432143627	0.0008098071754915384	0.0003137322223566199	0.0008486591992317899	0.9202147852871144
V3	2:Del:R:5	6.969460222512032e-06	0.0027978945640876472	5.78671549182204e-05	0.7161785851729031	2.0222065741905403e-05	0.2809384615821266
V3	3:Del:R:0	0.010432028769161812	0.0009719515844006611	0.11706742569688101	0.06797947493761035	0.0011205004710922414	0.8024286185408539
V3	3:Del:R:1	0.02345015435326725	0.017951854419946976	0.4644668821345748	0.021360805069052337	0.39681491643347244	0.07595538758968615
V3	3:Del:R:2	0.02364480215000622	0.02420459534054907	0.7186885311523208	6.868289273155008e-07	0.10259429804352913	0.13086708648466752
V3	3:Del:R:3	0.061548880250634305	0.002520416768595181	0.03203634867267608	0.08811552573628524	0.6096003137594466	0.20617851481236263
V3	3:Del:R:4	0.07353991800579471	0.006117614164317224	0.3211558478808584	0.09801080663564246	0.37110913916219046	0.13006667415119694
V3	3:Del:R:5	0.07353991800579471	0.006117614164317224	0.3211558478808584	0.09801080663564246	0.37110913916219046	0.13006667415119694
V3	4:Del:R:0	9.077033539004138e-07	4.94393287126892e-07	0.2474354074181833	0.04417204944040232	7.535163134714715e-06	0.7083836058816386
V3	4:Del:R:1	0.003033690549986844	7.665223973656243e-05	0.031038856257412744	0.9521966130300535	1.3278348686769522e-06	0.01365286008794152
V3	4:Del:R:2	3.7567148521129505e-05	0.0063681172933966555	0.9932061163955073	3.3416855638457486e-05	0.00027946677521806327	7.531553171849266e-05
V3	4:Del:R:3	0.07353991800579471	0.006117614164317224	0.3211558478808584	0.09801080663564246	0.37110913916219046	0.13006667415119694
V3	4:Del:R:4	0.07353991800579471	0.006117614164317224	0.3211558478808584	0.09801080663564246	0.37110913916219046	0.13006667415119694
V3	4:Del:R:5	0.011464967167393187	0.838497367952758	0.04918771319083846	0.014733954603294155	0.06716373041323728	0.018952266672478926
V3	5:Del:R:0	2.1626486750089183e-06	0.00016367905939138646	0.0011693238786878465	1.7812988271383657e-06	1.8521026287522745e-06	0.9986612010117899
V3	5:Del:R:1	0.01709953354769259	0.062115879774917414	0.09755039725422732	0.05382592761785706	0.3938618407055194	0.3755464210997863
V3	5:Del:R:2	5.928162044571368e-06	0.03475629212299994	0.2952928953717854	0.09224642849523286	0.03382374481742779	0.5438747110305094
V3	5:Del:R:3	0.07353991800579471	0.006117614164317224	0.3211558478808584	0.09801080663564246	0.37110913916219046	0.13006667415119694
V3	5:Del:R:4	0.07353991800579471	0.006117614164317224	0.3211558478808584	0.09801080663564246	0.37110913916219046	0.13006667415119694
V3	5:Del:R:5	3.125613534766453e-06	4.0919221727197765e-06	0.0006599400231947866	8.924078118980975e-05	0.35785529528820226	0.6413883063717057
V3	2:Ins:R:0	0.023509105385000513	3.9758025607212756e-08	0.3033596381518173	0.0	0.0	0.6731312167051565
V3	2:Ins:R:1	1.9550008404924506e-05	0.0	0.8025314112821	1.4354939615598946e-06	6.303357063138041e-05	0.19738456964490203
V3	2:Ins:R:2	0.11457398413242662	0.02370486080336831	0.27555029333493813	0.0	0.3164333057053828	0.26973755602388405
V3	2:Ins:R:3	1.100056082385482e-05	0.04858578035124751	0.499426309147261	0.3405554239830753	0.0	0.1114214859575923
V3	2:Ins:R:4	0.022636958891075993	0.010758206586115244	0.04032618354264489	0.0	0.8869663762746848	0.039312274705479225
V3	2:Ins:R:5	3.253511204489705e-08	0.021589666372799823	0.0	0.0	0.9784092531850358	1.0479070522290315e-06
V3	3:Ins:R:0	0.0	0.019413227530046002	0.1094613063286294	0.6846684889964766	0.0	0.18645697714484796
V3	3:Ins:R:1	0.01306594734880023	0.0193240279655109	0.0	0.19727428204003006	0.30934166526470613	0.4609940773809527
V3	3:Ins:R:2	0.2901989415175708	4.275334720627784e-05	0.0003130866089374778	0.00014266627133340668	0.00033445895119060576	0.7089680933037614
V3	3:Ins:R:3	0.07353991800579471	0.006117614164317224	0.3211558478808584	0.09801080663564246	0.37110913916219046	0.13006667415119694
V3	3:Ins:R:4	0.00042706650044272814	4.96178462350551e-05	0.0018647103895535044	0.9951882939278921	0.0017833029132032813	0.0006870084226733371
V3	3:Ins:R:5	0.08982742743111585	0.0864240951244799	0.06827932588759253	0.0	0.755467058485174	2.093071637759951e-06
V3	4:Ins:R:0	0.00021199730979825347	1.3701864879415142e-05	0.003530981334337431	0.2071765369911243	0.7884609783982331	0.0006058041016274695
V3	4:Ins:R:1	0.10944348735535449	0.018600265614331254	0.06999163338727084	0.001962348127726369	0.0400685081915451	0.759933757323772
V3	4:Ins:R:2	0.07353991800579471	0.006117614164317224	0.3211558478808584	0.09801080663564246	0.37110913916219046	0.13006667415119694
V3	4:Ins:R:3	0.2959014278458144	4.49980314267824e-06	0.08694836128886939	0.00017628065820855676	0.6168603485882956	0.00010908181566940784
V3	4:Ins:R:4	0.05422655515707912	3.9330018381536576e-08	4.6966146725078035e-05	4.1312955067910756e-06	0.6562006066243884	0.2895217014462822
V3	4:Ins:R:5	0.17705002395303646	0.03593154349309801	0.1055803499187733	0.0	0.3088595313809841	0.37257855125410805
V3	5:Ins:R:0	0.00010982069870536162	0.04635764699675922	0.9523838001739133	7.338893464441467e-05	0.000943009059104495	0.00013233413687331442
V3	5:Ins:R:1	0.005240260657677889	0.0004906438037379343	0.10935204086940772	0.02811473093815922	1.715018043949011e-05	0.8567851735505776
V3	5:Ins:R:2	5.0884653403229175e-06	0.009064343920604706	1.8696026513376105e-05	1.5296635270271443e-05	0.5517301552397512	0.43916641971252013
V3	5:Ins:R:3	0.013882673763475052	0.7952823872207287	0.06344753195829775	0.019674266315718662	0.08417997450791018	0.02353316623386947
V3	5:Ins:R:4	0.0001519077496559714	6.794555593375685e-05	0.0007145410368080602	0.24108813717578986	0.7577076403867663	0.00026982809504610164
V3	5:Ins:R:5	0.00014695544769670115	0.05814535446827313	0.0003201808937842746	0.00011801647712636162	0.9410938225164636	0.00017567019665587708
V3	2:Del:M:1	0.019867092015869937	0.0019207576319792787	0.23862407737504135	0.01443883651502028	0.3313738989752766	0.39377533748681265
V3	3:Del:M:1	0.026637031043208834	5.029183793866085e-46	0.1632759585623969	0.0038597900431065813	0.0	0.8062272203512877
V3	3:Del:M:2	0.02301611212436754	0.008367238467726808	0.04610857571231342	0.07979037502441647	0.4934235401078512	0.34929415856332446
V3	4:Del:M:1	0.01711851695267072	0.005968031603715483	0.027414297855176826	0.0	0.008414158622103424	0.9410849949663335
V3	4:Del:M:2	0.0	0.00665488612240509	0.6710172639580421	0.02990791353342517	2.958323887219582e-06	0.2924169780622403
V3	4:Del:M:3	0.0	0.01649302001587908	0.37131700308802496	0.015485398745952226	0.04532808751270109	0.5513764906374427
V3	5:Del:M:1	1.2075130926068816e-08	1.0073134568427687e-05	9.677326161318929e-08	0.007074203768844144	0.007525261137835455	0.9853903531103594
V3	5:Del:M:2	0.004049759779112253	4.050896527416158e-05	5.999339763091516e-07	0.0	0.0006047526281118542	0.9953043786935255
V3	5:Del:M:3	5.11283051723602e-07	3.657121797377619e-06	0.015474015768988315	0.006439512271035476	4.849836607403956e-05	0.978033805189053
V3	5:Del:M:4	0.009891245760606179	0.0011130206810964955	0.049392311883059634	0.0	0.010838661532899377	0.9287647601423384
V3	5:Del:M:5	0.0	0.014179666919455266	2.942014102820946e-06	0.02604661117004725	0.06576295527865315	0.8940078246177415
V4	1:Del:C:0	0.0	0.001176290791847696	0.9988237092081522	0.0	0.0	0.0
V4	1:Del:C:1	0.0	0.0	1.0	0.0	0.0	0.0
V4	1:Del:C:2	0.0	0.0	1.0	0.0	0.0	0.0
V4	1:Del:C:3	0.0	0.05772754577189913	0.9422724542281008	0.0	0.0	0.0
V4	1:Del:C:4	0.0	0.13408927821179395	0.865910721788206	0.0	0.0	0.0
V4	1:Del:C:5	0.0	1.0	0.0	0.0	0.0	0.0
V4	1:Del:T:0	0.0	0.014021911024219312	0.9859780889757807	0.0	0.0	0.0
V4	1:Del:T:1	0.0	0.003236364592339073	0.9967636354076609	0.0	0.0	0.0
V4	1:Del:T:2	0.0	0.020198739772016853	0.9798012602279832	0.0	0.0	0.0
V4	1:Del:T:3	0.0	0.07127884036237728	0.9287211596376227	0.0	0.0	0.0
V4	1:Del:T:4	0.0	0.163558743659596	0.836441256340404	0.0	0.0	0.0
V4	1:Del:T:5	0.0	0.9999978720699197	2.127930080154125e-06	0.0	0.0	0.0
V4	1:Ins:C:0	0.0	0.997866190754923	0.0021338092450770485	0.0	0.0	0.0
V4	1:Ins:C:1	0.0	0.000323416686720569	0.9996765833132794	0.0	0.0	0.0
V4	1:Ins:C:2	0.0	0.3177962450969979	0.682203754903002	0.0	0.0	0.0
V4	1:Ins:C:3	0.0	0.7583897268730306	0.24161027312696937	0.0	0.0	0.0
V4	1:Ins:C:4	0.0	0.683512642466299	0.31648735753370105	0.0	0.0	0.0
V4	1:Ins:C:5	0.0	0.004034463960353746	0.9959655360396463	0.0	0.0	0.0
V4	1:Ins:T:0	0.0	0.025533590024847386	0.9744664099751527	0.0	0.0	0.0
V4	1:Ins:T:1	0.0	0.012143515080901246	0.9878564849190989	0.0	0.0	0.0
V4	1:Ins:T:2	0.0	1.5248936395925916e-05	0.9999847510636041	0.0	0.0	0.0
V4	1:Ins:T:3	0.0	0.17273940164317741	0.8272605983568226	0.0	0.0	0.0
V4	1:Ins:T:4	0.0	0.9016804617118752	0.09831953828812474	0.0	0.0	0.0
V4	1:Ins:T:5	0.0	1.0783447895433083e-05	0.9999892165521046	0.0	0.0	0.0
V4	2:Del:R:0	0.0	0.0	1.0	0.0	0.0	0.0
V4	2:Del:R:1	0.0	0.17439190006782684	0.8256080999321731	0.0	0.0	0.0
V4	2:Del:R:2	0.0	0.5471838251618785	0.4528161748381214	0.0	0.0	0.0
V4	2:Del:R:3	0.0	0.20651799808176238	0.7934820019182376	0.0	0.0	0.0
V4	2:Del:R:4	0.0	0.9989622946208644	0.0010377053791356253	0.0	0.0	0.0
V4	2:Del:R:5	0.0	0.9979418976416607	0.0020581023583392923	0.0	0.0	0.0
V4	3:Del:R:0	0.0	0.07686242209093402	0.9231375779090659	0.0	0.0	0.0
V4	3:Del:R:1	0.0	0.2793357936569873	0.7206642063430128	0.0	0.0	0.0
V4	3:Del:R:2	0.0	0.2524765317935788	0.7475234682064211	0.0	0.0	0.0
V4	3:Del:R:3	0.0	0.4410236358127575	0.5589763641872425	0.0	0.0	0.0
V4	3:Del:R:4	0.0	0.1603917474609431	0.8396082525390568	0.0	0.0	0.0
V4	3:Del:R:5	0.0	0.1603917474609431	0.8396082525390568	0.0	0.0	0.0
V4	4:Del:R:0	0.0	2.003738712642499e-05	0.9999799626128736	0.0	0.0	0.0
V4	4:Del:R:1	0.0	0.02416759571140851	0.9758324042885915	0.0	0.0	0.0
V4	4:Del:R:2	0.0	0.0604152660916809	0.939584733908319	0.0	0.0	0.0
V4	4:Del:R:3	0.0	0.1603917474609431	0.8396082525390568	0.0	0.0	0.0
V4	4:Del:R:4	0.0	0.1603917474609431	0.8396082525390568	0.0	0.0	0.0
V4	4:Del:R:5	0.0	0.994184556125422	0.005815443874578018	0.0	0.0	0.0
V4	5:Del:R:0	0.0	0.5839876136109581	0.416012386389042	0.0	0.0	0.0
V4	5:Del:R:1	0.0	0.8646043407865764	0.13539565921342359	0.0	0.0	0.0
V4	5:Del:R:2	0.0	0.5413630174883847	0.4586369825116153	0.0	0.0	0.0
V4	5:Del:R:3	0.0	0.1603917474609431	0.8396082525390568	0.0	0.0	0.0
V4	5:Del:R:4	0.0	0.1603917474609431	0.8396082525390568	0.0	0.0	0.0
V4	5:Del:R:5	0.0	0.05854141168771379	0.9414585883122862	0.0	0.0	0.0
V4	2:Ins:R:0	0.0	1.3143333043382202e-06	0.9999986856666956	0.0	0.0	0.0
V4	2:Ins:R:1	0.0	0.0	1.0	0.0	0.0	0.0
V4	2:Ins:R:2	0.0	0.4631539463460602	0.5368460536539398	0.0	0.0	0.0
V4	2:Ins:R:3	0.0	0.49382756526366794	0.5061724347363321	0.0	0.0	0.0
V4	2:Ins:R:4	0.0	0.7279221872144968	0.27207781278550325	0.0	0.0	0.0
V4	2:Ins:R:5	0.0	1.0	0.0	0.0	0.0	0.0
V4	3:Ins:R:0	0.0	0.640105415599395	0.3598945844006048	0.0	0.0	0.0
V4	3:Ins:R:1	0.0	1.0	0.0	0.0	0.0	0.0
V4	3:Ins:R:2	0.0	0.5779602994220384	0.42203970057796153	0.0	0.0	0.0
V4	3:Ins:R:3	0.0	0.1603917474609431	0.8396082525390568	0.0	0.0	0.0
V4	3:Ins:R:4	0.0	0.21063994622200125	0.7893600537779988	0.0	0.0	0.0
V4	3:Ins:R:5	0.0	0.926973165809772	0.07302683419022803	0.0	0.0	0.0
V4	4:Ins:R:0	0.0	0.03745787001180922	0.9625421299881908	0.0	0.0	0.0
V4	4:Ins:R:1	0.0	0.7271554999065406	0.2728445000934594	0.0	0.0	0.0
V4	4:Ins:R:2	0.0	0.1603917474609431	0.8396082525390568	0.0	0.0	0.0
V4	4:Ins:R:3	0.0	0.0005187353482129921	0.9994812646517871	0.0	0.0	0.0
V4	4:Ins:R:4	0.0	0.00832810697658391	0.9916718930234161	0.0	0.0	0.0
V4	4:Ins:R:5	0.0	0.7733949905969585	0.22660500940304157	0.0	0.0	0.0
V4	5:Ins:R:0	0.0	0.3280222737053891	0.6719777262946109	0.0	0.0	0.0
V4	5:Ins:R:1	0.0	0.04305897348863718	0.9569410265113628	0.0	0.0	0.0
V4	5:Ins:R:2	0.0	0.999794370909249	0.0002056290907509903	0.0	0.0	0.0
V4	5:Ins:R:3	0.0	0.9921075281474777	0.007892471852522316	0.0	0.0	0.0
V4	5:Ins:R:4	0.0	0.48812834871595806	0.5118716512840419	0.0	0.0	0.0
V4	5:Ins:R:5	0.0	0.9994512141334851	0.000548785866514904	0.0	0.0	0.0
V4	2:Del:M:1	0.0	0.07469352867602405	0.9253064713239759	0.0	0.0	0.0
V4	3:Del:M:1	0.0	3.0889746015440257e-44	1.0	0.0	0.0	0.0
V4	3:Del:M:2	0.0	0.645373272737723	0.3546267272622769	0.0	0.0	0.0
V4	4:Del:M:1	0.0	0.6858504863984352	0.31414951360156484	0.0	0.0	0.0
V4	4:Del:M:2	0.0	0.09046212687457712	0.9095378731254228	0.0	0.0	0.0
V4	4:Del:M:3	0.0	0.30817169547453827	0.6918283045254616	0.0	0.0	0.0
V4	5:Del:M:1	0.0	0.9990429473524808	0.0009570526475192065	0.0	0.0	0.0
V4	5:Del:M:2	0.0	0.9985254063631835	0.0014745936368164394	0.0	0.0	0.0
V4	5:Del:M:3	0.0	0.0023645436584414335	0.9976354563415585	0.0	0.0	0.0
V4	5:Del:M:4	0.0	0.1843304909322036	0.8156695090677963	0.0	0.0	0.0
V4	5:Del:M:5	0.0	0.9999793114209223	2.068857907763291e-05	0.0	0.0	0.0
V5	1:Del:C:0	0.0	0.002699185724456462	0.9748748822702431	1.427845255396243e-07	0.0	0.02242578922077493
V5	1:Del:C:1	0.011537678507830683	0.0	0.9073242432041888	0.0004032272933068799	0.007074507215842018	0.07366034377883163
V5	1:Del:C:2	5.561513656036899e-06	0.0	0.5982224023276701	0.001336193414814923	0.013415192047212969	0.387020650696646
V5	1:Del:C:3	0.0	0.0983685955564424	0.6829546072631982	0.0002573494861914559	0.06167273584833068	0.15674671184583727
V5	1:Del:C:4	0.0	0.2548525034612557	0.7000191733659684	0.001126804237570554	0.04400151893520533	0.0
V5	1:Del:C:5	0.01869816584071026	0.8898334434229965	0.0	0.0	0.08749290761860604	0.0039754831176872325
V5	1:Del:T:0	0.019225408968340563	0.027779760931937268	0.8308651209819423	0.0005123067744460867	0.009013522141039032	0.1126038802022948
V5	1:Del:T:1	0.0005605369038969885	0.007301317133305991	0.9564844720916237	0.0001749235140838121	0.009303753902916477	0.026174996454173084
V5	1:Del:T:2	0.08864262755068555	0.04208835274720188	0.8683956024473647	0.00022841466194694588	7.152857753592391e-05	0.0005734740152651278
V5	1:Del:T:3	0.00983213318895644	0.14977503469993494	0.8300535493710415	0.00011203749654942469	0.005750365527337226	0.0044768797161805415
V5	1:Del:T:4	0.0	0.31192715187429265	0.67851089668754	0.00015377131264054656	0.008873794730116161	0.000534385395410487
V5	1:Del:T:5	2.4816334505843656e-06	0.999995772546964	9.051038434762954e-07	1.8460831118665688e-08	7.003656815200732e-08	7.522183426009783e-07
V5	1:Ins:C:0	6.772865971508584e-05	0.06498753234667069	5.9109229452160254e-05	0.007043715256872834	9.271277436902394e-06	0.9278326432298523
V5	1:Ins:C:1	0.00021130004310059694	3.757502586840577e-05	0.049401296977380105	3.720318350010791e-07	7.351917393874637e-06	0.950342104004422
V5	1:Ins:C:2	0.0	0.25695925586896945	0.23462353670970068	2.317213457594868e-06	0.07151528345553096	0.4368996067523413
V5	1:Ins:C:3	0.7089829806432575	0.0001639832242902709	2.2221038070527517e-05	0.0005319136908509395	0.2902926745404596	6.2268630711040944e-06
V5	1:Ins:C:4	0.5427065879647506	0.2506939315010942	0.04937369192217053	0.09277648812185856	0.06444930049012614	0.0
V5	1:Ins:C:5	0.9995532317709523	8.137560094740683e-07	8.54465724171384e-05	3.213248015112782e-09	0.00010275127156928028	0.0002577534158038325
V5	1:Ins:T:0	0.031065937826677974	0.055074533470496234	0.894021136906892	0.0003905160665487132	0.010755399898679845	0.00869247583070515
V5	1:Ins:T:1	0.06305112478503613	0.021996497256645313	0.7611056304009864	0.0006696141823038945	0.0	0.15317713337502822
V5	1:Ins:T:2	1.3322981175248673e-05	3.564393828823748e-06	0.09942176636687686	0.8648142646118043	3.469185719420653e-05	0.03571238978912049
V5	1:Ins:T:3	0.054168578106003	0.15776363134012944	0.32136589860993914	0.0009977032295392678	0.3932007003813187	0.07250348833307048
V5	1:Ins:T:4	0.16130890171471512	0.20562270948073322	0.009536746002265006	0.0	0.6235313356488628	3.071534238713936e-07
V5	1:Ins:T:5	3.669885882993091e-05	1.5919516087987378e-07	0.006279274979606833	2.2189534231590905e-05	0.9916589412072622	0.00200273622490862
V5	2:Del:R:0	0.0404298769893615	0.0	0.7413488068381968	0.00036984416782571066	0.011693573040415614	0.2061578989642004
V5	2:Del:R:1	0.08484562626280175	0.20977379414537953	0.4224164632782761	0.0003748002351514776	0.0025381938019693466	0.2800511222764218
V5	2:Del:R:2	0.005637442118709717	0.6637316663395116	0.23362708266134605	0.0	0.03942590496284338	0.05757790391758928
V5	2:Del:R:3	0.1284545665076998	0.3158244618356674	0.5161392730737329	0.0010891943612011193	0.03849107900628514	1.4252154139234872e-06
V5	2:Del:R:4	0.00020824795717249423	0.8230014008310087	0.0003636365370680997	4.285884084533432e-06	0.00012154477261040202	0.1763008840180559
V5	2:Del:R:5	0.00019989006088266977	0.3175692821281217	0.0002785750187005358	0.10488823347713866	3.104935804185773e-05	0.5770329699571145
V5	3:Del:R:0	0.11363834261618516	0.041900174657731167	0.21404750239941508	0.0037813537200576132	0.0006534362283797771	0.6259791903782312
V5	3:Del:R:1	0.11769464778331477	0.3565622912692015	0.3912764794152033	0.0005474469096244054	0.10661886326372351	0.027300271358932662
V5	3:Del:R:2	0.09275075943210011	0.3757462911669757	0.473195368970318	1.3757634007976234e-08	0.02154468085313572	0.036762885819836486
V5	3:Del:R:3	0.49337581442714007	0.07995491145491755	0.043104111066450214	0.0036068121215473304	0.2616001163440295	0.11835823458591531
V5	3:Del:R:4	0.40554078894904905	0.133508393288944	0.2972659841584024	0.0027599343242604942	0.10955901045198618	0.05136588882735776
V5	3:Del:R:5	0.40554078894904905	0.133508393288944	0.2972659841584024	0.0027599343242604942	0.10955901045198618	0.05136588882735776
V5	4:Del:R:0	9.814000545141187e-06	2.1153867958759036e-05	0.4490368319925367	0.002438726351255262	4.361439451616362e-06	0.5484891123482525
