Sample Names	MutationType	ID83A	ID83B	ID83C	ID83D	ID83E	ID83F
V1	1:Del:C:0	0.0	0.9848537585062077	0.0005738258804012673	0.0	0.014572415613391041	0.0
V1	1:Del:C:1	0.0	0.9968018521513936	0.0008243851592860054	0.0	0.002373762689320405	0.0
V1	1:Del:C:2	0.0	0.996901575476429	0.0030984245235710023	0.0	0.0	0.0
V1	1:Del:C:3	0.0	0.9855792506228478	0.011935503678400756	0.0	0.002485245698751505	0.0
V1	1:Del:C:4	0.0	0.9722680813886586	0.005820470335352782	0.0	0.02191144827598858	0.0
V1	1:Del:C:5	0.0	0.819802254882097	0.15573471588226984	0.0	0.024463029235633125	0.0
V1	1:Del:T:0	0.0	0.9980891699390994	4.3433776906952646e-05	0.0	0.0018673962839937228	0.0
V1	1:Del:T:1	0.0	0.9994176368509742	0.0001034306828725861	0.0	0.0004789324661532136	0.0
V1	1:Del:T:2	0.0	0.9985460761188294	0.0009165416079649516	0.0	0.0005373822732055895	0.0
V1	1:Del:T:3	0.0	0.9950205727180415	0.0030356968927347885	0.0	0.0019437303892236245	0.0
V1	1:Del:T:4	0.0	0.9953619312111219	0.0024366407530374144	0.0	0.002201428035840691	0.0
V1	1:Del:T:5	0.0	0.7400149459312134	0.029392139380916647	0.0	0.23059291468786994	0.0
V1	1:Ins:C:0	0.0	0.9974257254434475	2.611935298265398e-05	0.0	0.0025481552035698336	0.0
V1	1:Ins:C:1	0.0	0.9895730739709896	0.008521062615562224	0.0	0.001905863413448173	0.0
V1	1:Ins:C:2	0.0	0.9816611993467678	0.01832143679069393	0.0	1.736386253828367e-05	0.0
V1	1:Ins:C:3	0.0	0.039949470599278135	2.046203341220517e-05	0.0	0.9600300673673096	0.0
V1	1:Ins:C:4	0.0	0.3276739992776986	0.42119569472229623	0.0	0.2511303060000052	0.0
V1	1:Ins:C:5	0.0	0.131715665247705	0.8619843478408314	0.0	0.006299986911463456	0.0
V1	1:Ins:T:0	0.0	0.9657644265638227	0.019779878428544683	0.0	0.01445569500763277	0.0
V1	1:Ins:T:1	0.0	1.0	0.0	0.0	0.0	0.0
V1	1:Ins:T:2	0.0	0.995019431758155	0.0049804425881027625	0.0	1.256537422930779e-07	0.0
V1	1:Ins:T:3	0.0	0.9446754162985463	0.05264648829849653	0.0	0.002678095402957153	0.0
V1	1:Ins:T:4	0.0	0.7160984254450261	0.2755938858575891	0.0	0.008307688697384748	0.0
V1	1:Ins:T:5	0.0	0.03563168709689791	0.9643682613378114	0.0	5.156529064852916e-08	0.0
V1	2:Del:R:0	0.0	0.9598658045329351	0.0005831553350250393	0.0	0.039551040132039875	0.0
V1	2:Del:R:1	0.0	0.9942235549743574	0.005776445025642568	0.0	0.0	0.0
V1	2:Del:R:2	0.0	1.0	0.0	0.0	0.0	0.0
V1	2:Del:R:3	0.0	0.9999639896508111	1.2779206195290635e-05	0.0	2.3231142993552605e-05	0.0
V1	2:Del:R:4	0.0	0.6539850262647607	0.28049449940380955	0.0	0.06552047433142984	0.0
V1	2:Del:R:5	0.0	0.9998827246613218	0.00010870665314358	0.0	8.568685534763452e-06	0.0
V1	3:Del:R:0	0.0	0.984872736912952	0.014892514591945221	0.0	0.00023474849510283043	0.0
V1	3:Del:R:1	0.0	0.9324707544281116	0.05627234372954768	0.0	0.011256901842340857	0.0
V1	3:Del:R:2	0.0	0.9249755299956468	0.013843102815421254	0.0	0.06118136718893196	0.0
V1	3:Del:R:3	0.0	0.9687071109551698	0.03126421999742889	0.0	2.8669047401297144e-05	0.0
V1	3:Del:R:4	0.0	0.812027044087798	0.07608976232888223	0.0	0.11188319358331976	0.0
V1	3:Del:R:5	0.0	0.812027044087798	0.07608976232888223	0.0	0.11188319358331976	0.0
V1	4:Del:R:0	0.0	0.9240244783359297	0.0656211205366828	0.0	0.010354401127387485	0.0
V1	4:Del:R:1	0.0	0.9854980964595845	0.010034929792336231	0.0	0.00446697374807922	0.0
V1	4:Del:R:2	0.0	0.9549396495019874	1.5320502832621155e-06	0.0	0.0450588184477293	0.0
V1	4:Del:R:3	0.0	0.8890668927621128	0.04442941971047264	0.0	0.06650368752741455	0.0
V1	4:Del:R:4	0.0	0.812027044087798	0.07608976232888223	0.0	0.11188319358331976	0.0
V1	4:Del:R:5	0.0	0.8276208605431519	0.07303683017142153	0.0	0.09934230928542659	0.0
V1	5:Del:R:0	0.0	0.01153522459327258	0.3013422387088773	0.0	0.6871225366978502	0.0
V1	5:Del:R:1	0.0	0.47775691279046817	0.2825309952212045	0.0	0.23971209198832716	0.0
V1	5:Del:R:2	0.0	0.6379871337547373	0.24419379325001037	0.0	0.11781907299525234	0.0
V1	5:Del:R:3	0.0	0.812027044087798	0.07608976232888223	0.0	0.11188319358331976	0.0
V1	5:Del:R:4	0.0	0.001004137265530224	6.4197298323795e-05	0.0	0.998931665436146	0.0
V1	5:Del:R:5	0.0	0.8259864984078692	0.08062906656787888	0.0	0.09338443502425198	0.0
V1	2:Ins:R:0	0.0	0.9621696658870058	0.03783033411299421	0.0	0.0	0.0
V1	2:Ins:R:1	0.0	0.9697982794966588	0.0008616567177450326	0.0	0.02934006378559614	0.0
V1	2:Ins:R:2	0.0	0.9741001547585306	0.023261588082356868	0.0	0.0026382571591124404	0.0
V1	2:Ins:R:3	0.0	0.7834021632208046	0.15909593158350135	0.0	0.05750190519569413	0.0
V1	2:Ins:R:4	0.0	0.04653867369903898	0.8504189548915818	0.0	0.10304237140937929	0.0
V1	2:Ins:R:5	0.0	0.4089416844458142	0.5793412668283681	0.0	0.01171704872581774	0.0
V1	3:Ins:R:0	0.0	0.9999927271521498	3.7373813930564956e-06	0.0	3.5354664571577633e-06	0.0
V1	3:Ins:R:1	0.0	0.9890719002233244	0.003966130434630548	0.0	0.006961969342044992	0.0
V1	3:Ins:R:2	0.0	0.8437185573542021	0.04611823073315023	0.0	0.11016321191264755	0.0
V1	3:Ins:R:3	0.0	2.2693866318046086e-06	6.907077323004216e-07	0.0	0.9999970399056358	0.0
V1	3:Ins:R:4	0.0	0.690513635119568	0.2236604279447758	0.0	0.08582593693565613	0.0
V1	3:Ins:R:5	0.0	0.9619135119119221	0.03601833950960791	0.0	0.0020681485784700515	0.0
V1	4:Ins:R:0	0.0	0.9731234070402549	0.02687554217451731	0.0	1.0507852278185206e-06	0.0
V1	4:Ins:R:1	0.0	0.8970603079607588	0.08897831858342314	0.0	0.01396137345581809	0.0
V1	4:Ins:R:2	0.0	0.004089501546690721	0.9956288697666287	0.0	0.00028162868668059164	0.0
V1	4:Ins:R:3	0.0	0.8241899755421918	0.07746159111445255	0.0	0.09834843334335568	0.0
V1	4:Ins:R:4	0.0	0.9321834782492017	0.0023980131681968337	0.0	0.06541850858260152	0.0
V1	4:Ins:R:5	0.0	0.0	0.7148882614805734	0.0	0.28511173851942667	0.0
V1	5:Ins:R:0	0.0	0.9153198634018717	1.3008764165680276e-05	0.0	0.08466712783396266	0.0
V1	5:Ins:R:1	0.0	0.9685667957641987	0.023430682376959684	0.0	0.008002521858841692	0.0
V1	5:Ins:R:2	0.0	0.812027044087798	0.07608976232888223	0.0	0.11188319358331976	0.0
V1	5:Ins:R:3	0.0	0.0019017980157800664	0.9980222843981088	0.0	7.591758611120227e-05	0.0
V1	5:Ins:R:4	0.0	0.9998954377776919	3.073328279027158e-05	0.0	7.382893951782289e-05	0.0
V1	5:Ins:R:5	0.0	0.008986456473945102	0.6214120659145412	0.0	0.3696014776115135	0.0
V1	2:Del:M:1	0.0	0.9798129902311489	0.016137908691728348	0.0	0.004049101077122744	0.0
V1	3:Del:M:1	0.0	0.992256461784801	0.0006823129604510346	0.0	0.007061225254748085	0.0
V1	3:Del:M:2	0.0	0.9788598178226721	0.021140182177327823	0.0	0.0	0.0
V1	4:Del:M:1	0.0	0.16599682347995803	0.009391314116314612	0.0	0.8246118624037273	0.0
V1	4:Del:M:2	0.0	0.9911325638404355	0.007343289384246188	0.0	0.0015241467753183747	0.0
V1	4:Del:M:3	0.0	0.9731492029082425	0.0	0.0	0.026850797091757472	0.0
V1	5:Del:M:1	0.0	0.00014094198296627094	0.19497293999267512	0.0	0.8048861180243586	0.0
V1	5:Del:M:2	0.0	0.9407867784803383	3.194893000982845e-07	0.0	0.05921290203036152	0.0
V1	5:Del:M:3	0.0	0.9878216297723683	0.0	0.0	0.012178370227631718	0.0
V1	5:Del:M:4	0.0	0.9764289351241403	0.006594345370066438	0.0	0.01697671950579318	0.0
V1	5:Del:M:5	0.0	6.142547975812039e-05	0.0918159809669229	0.0	0.9081225935533189	0.0
V2	1:Del:C:0	4.9774741015223596e-05	0.6625243151260478	0.001665471472828568	0.26154824126913745	0.07341196578894373	0.0008002316020271037
V2	1:Del:C:1	0.0008732216648591056	0.5021935472103327	0.001791923430295192	0.48611366339454204	0.008955808950714423	7.183534925631662e-05
V2	1:Del:C:2	0.012471623473475702	0.26425396778080357	0.003543538432397815	0.7169972966482581	0.0	0.0027335736650648014
V2	1:Del:C:3	0.011262083637110615	0.28488297189107253	0.014884788972428151	0.6769930615897899	0.005379593989049179	0.006597499920549607
V2	1:Del:C:4	0.01398927585910318	0.6085073357452921	0.015716826579644187	0.24956126885485058	0.10269660883480206	0.009528684126307856
V2	1:Del:C:5	0.0007125348554678244	0.08806911225807085	0.0721816717789622	0.7203821534019048	0.019680221123443812	0.09897430658215056
V2	1:Del:T:0	0.0011525718394693378	0.4336536218890973	8.141946090604418e-05	0.5561846784684672	0.006075966271454734	0.0028517420706054143
V2	1:Del:T:1	0.0	0.6971159683244526	0.0003112679497418616	0.2997447028475617	0.002501713252873234	0.00032634762537058073
V2	1:Del:T:2	8.426142997515607e-08	0.788499853396768	0.0031225736040160317	0.1985982397804111	0.0031777671625280177	0.006601481794846833
V2	1:Del:T:3	0.008363650205064495	0.7881601455328264	0.010374515112602494	0.17273314046830857	0.01152985018295112	0.00883869849824706
V2	1:Del:T:4	0.020917388714675404	0.9219858658216477	0.00973781975579593	0.0	0.015270489511228369	0.032088436196652775
V2	1:Del:T:5	2.7019145978754304e-06	6.558289692502353e-06	1.1238498580068114e-06	0.00021192130069038089	1.5303870897054575e-05	0.9997623907742642
V2	1:Ins:C:0	6.06696672355502e-07	0.008349131317869978	9.43300647441575e-07	0.9914878134907784	0.00015973196430303104	1.7732297287862607e-06
V2	1:Ins:C:1	0.010086746289385462	2.9291151735222214e-05	1.0882015167206675e-06	0.9898816123714238	4.2245998686790806e-07	8.395259519181373e-07
V2	1:Ins:C:2	7.239863453647954e-06	0.1724042197918194	0.013882663143754442	0.8136786463102336	2.2836935970179724e-05	4.393954768771325e-06
V2	1:Ins:C:3	0.001269187210338833	0.005471182954274514	1.2090548123974377e-05	0.008220684439972387	0.9846010021032857	0.0004258527440046113
V2	1:Ins:C:4	0.032985963685787704	0.02485427450070146	0.1378383366113903	0.6214674505361177	0.14264726981465747	0.04020670485134529
V2	1:Ins:C:5	0.055473576427152	0.028626153365297072	0.8082615795689806	0.0	0.010253459976009576	0.09738523066256083
V2	1:Ins:T:0	0.009463222968183672	0.35412418277407304	0.03129212023851854	0.5630501523786143	0.039694340152822416	0.002375981487787913
V2	1:Ins:T:1	0.0	0.4110952641703585	0.0	0.5872559445258516	0.0	0.0016487913037898324
V2	1:Ins:T:2	0.0	0.20919874967620455	0.0045177526768523735	0.7856732870000428	1.9783730131245288e-07	0.0006100128095989252
V2	1:Ins:T:3	0.0	0.4239211540022521	0.10192926064510563	0.4559105841101231	0.008999818444475794	0.009239182798043333
V2	1:Ins:T:4	0.011524505329948505	0.2710641040733363	0.4500863690822832	0.21171723405573853	0.023549665049499048	0.03205812240919428
V2	1:Ins:T:5	0.007659340428926172	0.00822190377304709	0.9600766421606967	0.024041947438098888	8.91043082597649e-08	7.709492301666306e-08
V2	2:Del:R:0	0.0	0.24132612728562625	0.0006325648679998908	0.68355567229737	0.07446581756657426	1.981798242964278e-05
V2	2:Del:R:1	0.03399987810315472	0.18325406311556888	0.004593642575506272	0.7721095623262243	0.0	0.006042853879545663
V2	2:Del:R:2	0.06329909298258145	0.24735814252951976	0.0	0.6818223764733593	0.0	0.007520388014539374
V2	2:Del:R:3	9.68749727001047e-05	0.6941009090494848	3.8270939313651225e-05	0.0009327850196079677	0.00012075748512064248	0.3047104025337729
V2	2:Del:R:4	0.999050184553806	1.1188861562393833e-06	2.0704723545193208e-06	0.000347277124475546	8.394606781012519e-07	0.0005985095025296353
V2	2:Del:R:5	4.4873097720002055e-07	0.010805881054640408	5.068672532868181e-06	0.9891786748794577	6.93474589044475e-07	9.233187802757828e-06
V2	3:Del:R:0	0.002926940054752919	0.05242237691280574	0.003420043412183658	0.9411370678945161	9.357172574145713e-05	0.0
V2	3:Del:R:1	0.032804452863664915	0.5085824295340386	0.1324183364525359	0.24803529923097717	0.04597801746410539	0.03218146445467782
V2	3:Del:R:2	0.011825136003074199	0.14649991197578782	0.009459486372603257	0.7398170391282743	0.07256572306189511	0.01983270345836519
V2	3:Del:R:3	9.146542722304846e-05	0.8766835154439143	0.12207449662358695	0.0009391990758715753	0.00019429823016908708	1.7025199235033938e-05
V2	3:Del:R:4	0.05347460761111337	0.10231466732830377	0.04136381832985511	0.6820426428588071	0.1055692622869854	0.015235001584935334
V2	3:Del:R:5	0.05347460761111337	0.10231466732830377	0.04136381832985511	0.6820426428588071	0.1055692622869854	0.015235001584935334
V2	4:Del:R:0	0.001703155051780295	0.015490367403967503	0.004746231045461495	0.9758281614266632	0.0012998955501464643	0.0009321895219810473
V2	4:Del:R:1	0.0192425115065803	0.3241996278863454	0.014242887765104822	0.6258543460743209	0.011004627632552562	0.005455999135096104
V2	4:Del:R:2	4.398533579933801e-06	0.22531323075558018	1.5595912142655808e-06	0.6779112937526933	0.0796151646727231	0.017154352694209268
V2	4:Del:R:3	0.0002309060753888949	0.0008498530249698223	0.00018323440351236206	0.9981866341853562	0.00047605852054672125	7.331379022594738e-05
V2	4:Del:R:4	0.05347460761111337	0.10231466732830377	0.04136381832985511	0.6820426428588071	0.1055692622869854	0.015235001584935334
V2	4:Del:R:5	0.003664247328987299	0.006873199102724196	0.0026169558978854915	0.03856527781097635	0.006178271321164226	0.9421020485382624
V2	5:Del:R:0	0.0008934103938085449	3.3810236039495333e-06	0.00038107385178763067	0.9972070253068689	0.001508209146849993	6.900277081047794e-06
V2	5:Del:R:1	0.08770054835919715	0.08322257630763312	0.21233777733567993	0.11134627178760094	0.31270105588503466	0.1926917703248542
V2	5:Del:R:2	7.441945981809363e-05	5.553178869715606e-05	9.170464934620677e-05	0.952430516751687	7.679811716812117e-05	0.04727102923328355
V2	5:Del:R:3	0.05347460761111337	0.10231466732830377	0.04136381832985511	0.6820426428588071	0.1055692622869854	0.015235001584935334
V2	5:Del:R:4	8.225540603771982e-05	0.00013215461494043616	3.6452976174397334e-05	0.015214684763685248	0.9845329560631083	1.4961760538306857e-06
V2	5:Del:R:5	0.9999953767285193	7.722719543998457e-07	3.252489764086578e-07	2.7171582031841963e-06	6.538483618233711e-07	1.5474398496561655e-07
V2	2:Ins:R:0	0.01349370462054263	0.13963828130109415	0.02368754226654249	0.8179692151318431	0.0	0.0052112566799777035
V2	2:Ins:R:1	0.0024858951635272843	0.08395523142687142	0.0003218308138235472	0.8906881209326486	0.019020968957193952	0.003527952705935312
V2	2:Ins:R:2	1.078557312610995e-05	0.31161457791780994	0.03210557900600411	0.5782952278259941	0.006320282766629567	0.07165354691043614
V2	2:Ins:R:3	0.24487959603892726	0.15740529220275987	0.1379178977933621	0.36060164483069473	0.08652109896207334	0.012674470172182739
V2	2:Ins:R:4	1.5066000557223573e-06	0.005860010633170857	0.4620024991157816	0.30557514911185957	0.09716402031027342	0.12939681422885868
V2	2:Ins:R:5	0.0	0.05482242620878767	0.3350875762542924	0.5047865260385218	0.011763060627353888	0.09354041087104412
V2	3:Ins:R:0	4.293616923007949e-06	0.12786522799862027	2.061816574042422e-06	0.8721240183250574	3.3853811091738004e-06	1.012861716157758e-06
V2	3:Ins:R:1	0.05420004111978796	0.8839146256687853	0.01529242786404989	0.0	0.04659290534737683	0.0
V2	3:Ins:R:2	0.9866540723684748	0.0018392246912029356	0.00043374733194934177	0.009139090709183147	0.0017983698222421409	0.0001354950769476765
V2	3:Ins:R:3	0.00035448312599300265	3.029341158566292e-07	3.9779654103769193e-07	3.0557331702599583e-06	0.9996400256837014	1.7347264785187691e-06
V2	3:Ins:R:4	0.0	9.352513163551752e-06	1.3069898422720894e-05	0.999962832363028	8.70522201913241e-06	6.040003366514809e-06
V2	3:Ins:R:5	0.0	0.10778499933770921	0.017412975017332178	0.822243248545266	0.0017354386413581566	0.05082333845833457
V2	4:Ins:R:0	0.0	0.08155469593500332	0.00971774009540995	0.9077635842981422	6.594778932979899e-07	0.0009633201935511668
V2	4:Ins:R:1	0.0	0.14367432782615278	0.061484935115476154	0.751675376892003	0.01674522188559322	0.02642013828077468
V2	4:Ins:R:2	0.16430206330451283	8.591899170626442e-05	0.0902491806027522	0.7194429764332014	4.4309914724591386e-05	0.0258755507531027
V2	4:Ins:R:3	0.0028273151604271494	0.004931966298943068	0.001999890314788212	0.02672767662972421	0.004407227282085091	0.9591059243140322
V2	4:Ins:R:4	0.999301012464177	0.0004172097233872984	4.630539306446344e-06	5.624577424077633e-05	0.00021925973667619086	1.6417622121454032e-06
V2	4:Ins:R:5	0.055942154355459225	0.0	0.04405082502087859	0.8411942717931956	0.030493636353885627	0.028319112476581053
V2	5:Ins:R:0	5.274870294609627e-05	0.5532019919275333	3.392140873807795e-05	0.014858016504278176	0.38320476863886604	0.04864855281763842
V2	5:Ins:R:1	0.0008895000179252285	0.049913520775932786	0.005209554150723112	0.9394812158133022	0.0030883088561735037	0.0014179003859432053
V2	5:Ins:R:2	0.05347460761111337	0.10231466732830377	0.04136381832985511	0.6820426428588071	0.1055692622869854	0.015235001584935334
V2	5:Ins:R:3	0.7063821356721249	9.433971222519773e-05	0.21359810093822412	1.5367997733212818e-05	2.8201861617033512e-05	0.07988185381807551
V2	5:Ins:R:4	0.00029030808692426144	0.9969571942741047	0.00013220804046749527	0.0020127943894627937	0.0005512565774568566	5.6238631583996636e-05
V2	5:Ins:R:5	8.134768917945026e-06	2.2837669697387814e-05	0.006813495687133896	0.9861149124655187	0.0070339979984576015	6.621410274517583e-06
V2	2:Del:M:1	0.0022968241158389875	0.18106584590237787	0.012866712299827393	0.7970053650845185	0.00560347182236465	0.001161780775072529
V2	3:Del:M:1	0.03014163315184784	0.09761731016907055	0.0002896099728254707	0.8666666387432029	0.005202213788774772	8.259417427836903e-05
V2	3:Del:M:2	0.009452988218685851	0.11212396238673993	0.010447530625451552	0.8631745364813479	0.0	0.004800982287774826
V2	4:Del:M:1	0.0	0.014309262762151947	0.003492776847260545	0.4498785669977294	0.5323193933928582	0.0
V2	4:Del:M:2	0.0023685500999265255	0.13711113544017556	0.004382870277114385	0.85378267765092	0.0015789668165425452	0.0007757997153210554
V2	4:Del:M:3	0.026324970177110708	0.38876621636966396	0.0	0.5041379683271151	0.08032884057035661	0.00044200455575362917
V2	5:Del:M:1	0.0001645397670068081	2.036504743859883e-08	0.0001215475978976691	0.9988429535876714	0.0008709329370110827	5.7453654654777216e-09
V2	5:Del:M:2	0.00422237112504031	0.003198209323814582	4.685964444959589e-09	0.9908806997011465	0.0015074303517556961	0.00019128481227859037
V2	5:Del:M:3	0.0019309984886850828	0.020191551239118852	0.0	0.9759014317389192	0.0018641701773426027	0.00011184835593432107
V2	5:Del:M:4	0.8804259811696088	0.017230193131403785	0.0005020514031170083	0.09945240356185613	0.002243409255403054	0.0001459614786112415
V2	5:Del:M:5	0.0	2.5237730780487184e-07	0.0016275975074191303	0.9655299250517686	0.027941611903215233	0.004900613160289152
V3	1:Del:C:0	1.6984801274448932e-06	0.9181646608695014	0.004077655808328915	0.0494487595928638	0.02662787116497884	0.0016793540841993414
V3	1:Del:C:1	3.744826328486146e-05	0.8746727529304884	0.005513768562721497	0.11550403192024146	0.004082537027704262	0.0001894612955594627
V3	1:Del:C:2	0.0008237755581796711	0.708883256832111	0.016793644834103023	0.2623950068573122	0.0	0.011104315918294085
V3	1:Del:C:3	0.0006678539402624648	0.6861143870505367	0.06333260205097466	0.22243293838211622	0.0033910201977719184	0.0240611983783379
V3	1:Del:C:4	0.0004837993209484545	0.8546791882976134	0.03899929774138056	0.047818873644713475	0.037752373037270824	0.020266467958073343
V3	1:Del:C:5	3.7415313630368157e-05	0.1878166912519846	0.2719519129136786	0.20958411269916488	0.010984780483444766	0.31962508733809675
V3	1:Del:T:0	5.5040083972604655e-05	0.8410491029992807	0.00027897238245588987	0.14715744586029628	0.0030842144701341335	0.008375224203860299
V3	1:Del:T:1	0.0	0.9424222116554832	0.000743411889170936	0.05528112158602473	0.0008851744171730459	0.0006680804521480399
V3	1:Del:T:2	2.4938518860036745e-09	0.9477869807915628	0.006630960194945864	0.03256637078415658	0.0009997284166343974	0.012015957318848396
V3	1:Del:T:3	0.0002432310451860805	0.930904020446511	0.02164775470280924	0.027832418825198494	0.0035642236028721156	0.015808351377423098
V3	1:Del:T:4	0.0005190397430164985	0.929147579546856	0.01733711312914041	0.0	0.004027766056891387	0.04896850152409576
V3	1:Del:T:5	4.3942806862839247e-08	4.331856519228328e-06	1.3114338127877748e-06	1.909602278910059e-05	2.645669571257373e-06	0.9999725710745009
V3	1:Ins:C:0	1.0398722244421404e-07	0.05811884133612614	1.1600598690667736e-05	0.9415597454111739	0.0002910169804414298	1.8691686345450178e-05
V3	1:Ins:C:1	0.0018353254403685587	0.00021645405515942513	1.4206700328782234e-05	0.9979238022748526	8.170821089747562e-07	9.394447181657037e-06
V3	1:Ins:C:2	5.78878372166929e-07	0.559850577586261	0.07964373888472276	0.3604640885542459	1.940943598076863e-05	2.1606660417379793e-05
V3	1:Ins:C:3	0.00011793206272839458	0.020646894369596443	8.060724965602445e-05	0.004232201359567828	0.9724888121580773	0.002433552800374182
V3	1:Ins:C:4	0.0017961746135049079	0.054965193155670874	0.538531741870054	0.18749509109239904	0.08256594841715308	0.1346458508512181
V3	1:Ins:C:5	0.0008494014003171028	0.01780152017199096	0.8879748125833438	0.0	0.001668842608800578	0.09170542323554758
V3	1:Ins:T:0	0.0004656077573326708	0.7076263725747194	0.11046839144938597	0.1534900939090326	0.02076002413246731	0.007189510177061819
V3	1:Ins:T:1	0.0	0.8326709987101966	0.0	0.1622718670906336	0.0	0.005057134199169746
V3	1:Ins:T:2	0.0	0.6431202854505699	0.024536363142443687	0.3295034435613802	1.5918133590475663e-07	0.002839748664270421
V3	1:Ins:T:3	0.0	0.6210946345398463	0.26383121510959645	0.0911249304455209	0.0034510978982353626	0.020498122006800942
V3	1:Ins:T:4	0.000246730231579314	0.2356890323258993	0.691381634761346	0.025113568146642784	0.005359236718220385	0.04220979781631212
V3	1:Ins:T:5	0.00011042832605006984	0.004814251742831431	0.993154753019076	0.0019204848984901578	1.3655447967154229e-08	6.835810440120163e-08
V3	2:Del:R:0	0.0	0.679379280167719	0.0031460646061948093	0.26252259707770687	0.054867574002404176	8.448414597527618e-05
V3	2:Del:R:1	0.0027296709986128643	0.5975219293631773	0.026461353303052975	0.3434503898498294	0.0	0.029836656485327583
V3	2:Del:R:2	0.00441124798914534	0.7000958252746029	0.0	0.2632615133141781	0.0	0.03223141342207369
V3	2:Del:R:3	2.0638636946713647e-06	0.6005640367843068	5.850061683259921e-05	0.00011010400537906349	2.7346491226728147e-05	0.39923794823856
V3	2:Del:R:4	0.9624894982820666	4.3778601724547955e-05	0.00014311990415618803	0.001853689581558309	8.5966092269823e-06	0.035461317021267265
V3	2:Del:R:5	7.579421752432322e-08	0.0741271829367018	6.142796980053345e-05	0.9257141553625678	1.2450841571846792e-06	9.591285255502313e-05
V3	3:Del:R:0	0.00038549099127808327	0.2804041290603408	0.032318703445198375	0.6867606789520202	0.00013099755116256344	0.0
V3	3:Del:R:1	0.0009639544662644699	0.6069492286896437	0.2791860757056966	0.04038214186802977	0.014361245113660324	0.05815735415670527
V3	3:Del:R:2	0.0009288882057963264	0.4673712123176958	0.0533146749316	0.32198361412714543	0.060590838677408464	0.09581077174035395
V3	3:Del:R:3	2.061323619501214e-06	0.8024155630509645	0.19739496003934295	0.00011727326214753437	4.654533813458714e-05	2.3596985791089464e-05
V3	3:Del:R:4	0.004108799454160019	0.3192805955914448	0.2280393872319123	0.2903561327900702	0.08622296581169293	0.0719921191207198
V3	3:Del:R:5	0.004108799454160019	0.3192805955914448	0.2280393872319123	0.2903561327900702	0.08622296581169293	0.0719921191207198
V3	4:Del:R:0	0.0002640910249207034	0.0975502673771261	0.05280441506762752	0.8383491710551189	0.0021425257225202274	0.008889529752686587
V3	4:Del:R:1	0.0010614773664799047	0.7263213092093417	0.05637271359250921	0.19128212717827262	0.00645271476000437	0.018509657893392224
V3	4:Del:R:2	2.9703611516769405e-07	0.6179528362226987	7.556732166665587e-06	0.25364502620590024	0.05714987366524428	0.07124441013787511
V3	4:Del:R:3	4.1322100744100035e-05	0.0061767233124912025	0.002352750944940039	0.9897167484832685	0.0009055772582515458	0.0008068779003046445
V3	4:Del:R:4	0.004108799454160019	0.3192805955914448	0.2280393872319123	0.2903561327900702	0.08622296581169293	0.0719921191207198
V3	4:Del:R:5	6.243478629524886e-05	0.004756287134196375	0.0031993382534961138	0.0036407465847518076	0.0011189919410224329	0.987222201300238
V3	5:Del:R:0	0.00016039986866940426	2.4652927635801958e-05	0.00490889861771697	0.9919515813513674	0.0028782778170335145	7.618941757679471e-05
V3	5:Del:R:1	0.002542470050751238	0.09798553845667234	0.44167488984040965	0.01788468741574646	0.09636093763853468	0.3435514765978855
V3	5:Del:R:2	9.082328960804401e-06	0.0002752451452160477	0.0008030155857747671	0.6440152535195136	9.962754299336655e-05	0.35479777587754147
V3	5:Del:R:3	0.004108799454160019	0.3192805955914448	0.2280393872319123	0.2903561327900702	0.08622296581169293	0.0719921191207198
V3	5:Del:R:4	7.79105286600133e-06	0.0005083716515525765	0.0002477345606728126	0.007984482921207311	0.9912429043697133	8.715443988010011e-06
V3	5:Del:R:5	0.9999137845337163	3.136188206147438e-05	2.3334709962957843e-05	1.5053296842374254e-05	6.949598838209057e-06	9.515978578861457e-06
V3	2:Ins:R:0	0.0011027225970744118	0.46345424073035113	0.13889192040124654	0.37036008158525663	0.0	0.02619103468607133
V3	2:Ins:R:1	0.00028283143498923895	0.3879358550736303	0.0026272076283484352	0.5614649688565272	0.02300359098124575	0.024685546025259172
V3	2:Ins:R:2	4.764535578041157e-07	0.5590651279681552	0.1017606233355287	0.14153996766347635	0.0029677819425148744	0.19466602263676705
V3	2:Ins:R:3	0.012104584766245567	0.31599769616173523	0.48914749088608295	0.09875910289567913	0.04546083993999869	0.03853028535025841
V3	2:Ins:R:4	3.41861753596038e-08	0.005400304287872998	0.7521747789534168	0.03841693441784362	0.023435603707926064	0.18057234444676518
V3	2:Ins:R:5	0.0	0.06371735873380434	0.6880380465544518	0.0800372417603319	0.0035782500872544396	0.16462910286415758
V3	3:Ins:R:0	4.28277891071232e-07	0.5179908751193829	1.4756191858346493e-05	0.4819841375836407	3.5894512591656864e-06	6.2133759677597736e-06
V3	3:Ins:R:1	0.0014435903719809493	0.9561410658883315	0.029224205076939097	0.0	0.013191138662748658	0.0
V3	3:Ins:R:2	0.8428930113590876	0.06381306716012315	0.026586811843410225	0.043257624373979384	0.016330695423254372	0.007118789840145253
V3	3:Ins:R:3	3.3358966534342506e-05	1.1577972050676473e-06	2.6859623993511704e-06	1.593252418265557e-06	0.9999511642657666	1.0039755676476675e-05
V3	3:Ins:R:4	0.0	6.853619521500982e-05	0.00016920706404789776	0.9996785353831003	1.669638139431789e-05	6.70249762425114e-05
V3	3:Ins:R:5	0.0	0.32847723445206195	0.09375070537283826	0.341847269106394	0.001384226175716574	0.2345405648929892
V3	4:Ins:R:0	0.0	0.3640498778191061	0.07663582043689986	0.5528018909016221	7.704828933580814e-07	0.006511640359478556
V3	4:Ins:R:1	0.0	0.35987569044479856	0.27208003266960323	0.2568552858898553	0.010977794224167602	0.10021119677157533
V3	4:Ins:R:2	0.013444140884238042	0.0002855265513393663	0.5298527716668253	0.32616589792754874	3.8539766968221726e-05	0.1302131232030802
V3	4:Ins:R:3	4.749669220314759e-05	0.0033649338743935724	0.002410556004390279	0.002487725675952774	0.0007869963600084615	0.9909022913930516
V3	4:Ins:R:4	0.9803597475494007	0.016623055536972187	0.0003259437248896489	0.0003057251594882658	0.002286473459687924	9.905456956134299e-05
V3	4:Ins:R:5	0.005626273212973416	0.0	0.31787588522521104	0.4687379045176201	0.03259935294904306	0.17516058409515234
V3	5:Ins:R:0	1.78100827600344e-06	0.7585866197702135	8.217693476051669e-05	0.0027795028639554693	0.13753181990195457	0.10101809952083994
V3	5:Ins:R:1	0.00011511455759344774	0.26234318275760254	0.04837341516309927	0.6736348170393907	0.00424837795894458	0.011285092523369466
V3	5:Ins:R:2	0.004108799454160019	0.3192805955914448	0.2280393872319123	0.2903561327900702	0.08622296581169293	0.0719921191207198
V3	5:Ins:R:3	0.03371913991934771	0.0001828936464114194	0.7315703129898294	4.06449137027319e-06	1.4309771231974718e-05	0.2345092791818092
V3	5:Ins:R:4	7.164584784754476e-06	0.999253538361966	0.00023410552658888412	0.00027522218775248786	0.00014461182586540889	8.535751304246275e-05
V3	5:Ins:R:5	1.3493651796409627e-06	0.00015385207444975523	0.08109165596335681	0.9062832259187042	0.012402369083029075	6.754759528051733e-05
V3	2:Del:M:1	0.00017907562137431653	0.5733404141209998	0.07197774276433022	0.3442881770836943	0.004643912757415302	0.00557067765218602
V3	3:Del:M:1	0.0033952257960865257	0.4465766475777141	0.0023406544320571567	0.540886445593732	0.006228854847579882	0.0005721717528302005
V3	3:Del:M:2	0.0009097730057317255	0.4382578032123779	0.07214387877556082	0.46027213898738883	0.0	0.02841640601894082
V3	4:Del:M:1	0.0	0.0646961756814938	0.02789888232767316	0.2774862707212538	0.6299186712695792	0.0
V3	4:Del:M:2	0.00022176863224456335	0.5213838328845397	0.029444085128319933	0.44291156326186704	0.0015714793484831956	0.004467270744545477
V3	4:Del:M:3	0.0013507178866232145	0.8101260017966156	0.0	0.14331719743097845	0.04381132564550378	0.0013947572402792522
V3	5:Del:M:1	2.9634660887032957e-05	1.4896416292566224e-07	0.0015707149226229053	0.9967320680119769	0.0016673698015681258	6.363878204543189e-08
V3	5:Del:M:2	0.0007470691953177336	0.022981512174723287	5.948744558852962e-08	0.9713548935987821	0.002835044069151089	0.002081421474580238
V3	5:Del:M:3	0.00030867872629935974	0.1310876390241583	0.0	0.8643365092421669	0.0031675862871251717	0.0010995867202504186
V3	5:Del:M:4	0.4001818236624617	0.31806944052428016	0.016373238936555994	0.25045628220834104	0.010839048232362312	0.004080166435998897
V3	5:Del:M:5	0.0	1.6900714521995153e-06	0.019255570646048683	0.8820746635559721	0.048973039688917405	0.04969503603760972
V4	1:Del:C:0	0.00018061915477315474	0.04536080454342449	0.008849481388556953	0.0666926884393841	0.8633083451278515	0.015608061346009674
V4	1:Del:C:1	0.011408493059421753	0.12379384119786481	0.03428065046160715	0.4462859683572174	0.37918651985750035	0.005044527066388475
V4	1:Del:C:2	0.14217074726824486	0.056837229819549084	0.05914938427779819	0.5743496986157272	0.0	0.16749294001868062
V4	1:Del:C:3	0.08108008682494822	0.03869778242014367	0.15691482039226232	0.3424926835680018	0.1255131546630558	0.25530147213158827
V4	1:Del:C:4	0.03108375892232321	0.0255110448529131	0.0511362626914786	0.038966114894325554	0.7395008704705297	0.11380194816842985
V4	1:Del:C:5	0.0009444357099532455	0.0022024904551377162	0.14009384264157096	0.06709665274195727	0.08453577696409291	0.7051268014872879
V4	1:Del:T:0	0.013794016092130964	0.09792415492694048	0.0014268449149703168	0.46774953969545485	0.2356580974660882	0.18344734690441514
V4	1:Del:T:1	0.0	0.2953531093819058	0.01023464106912741	0.4729721041135704	0.18205147589716647	0.03938866953823002
V4	1:Del:T:2	1.064086763425684e-06	0.18787714979259917	0.05774132231516086	0.1762362464944847	0.13005126399382594	0.448092953317166
V4	1:Del:T:3	0.061753015201327456	0.10979963779653552	0.11216463302345407	0.08962096164759184	0.27588637941373384	0.3507753729173572
V4	1:Del:T:4	0.07619197094931021	0.06336510147860265	0.05193848745485207	0.0	0.18025984318338695	0.628244596933848
V4	1:Del:T:5	5.027948036941756e-07	2.3026815950997046e-08	3.0623391275005457e-07	2.7711842222153263e-06	9.229214615428432e-06	0.9999871675456298
V4	1:Ins:C:0	8.622894809490957e-06	0.002238962901053522	1.9631678499850744e-05	0.9902400329113965	0.007357285286017096	0.00013546432822350717
V4	1:Ins:C:1	0.1266319765177606	6.938296697313233e-06	2.0004488008670916e-05	0.873267242175537	1.718787388464396e-05	5.665064811177683e-05
V4	1:Ins:C:2	8.953204158401458e-05	0.0402272305284702	0.25138926235818454	0.7070866783162953	0.0009152299752260058	0.0002920667802398384
V4	1:Ins:C:3	0.0003972300897573432	3.230887376153394e-05	5.5410014876485214e-06	0.00018079901201731842	0.998667723014383	0.0007163980085930034
V4	1:Ins:C:4	0.03445534053672745	0.0004898381328634136	0.21082553883508673	0.0456160190455233	0.4828754466374464	0.22573781681235278
V4	1:Ins:C:5	0.03088361214980428	0.00030069696710864337	0.6589002681321924	0.0	0.01849935783256341	0.29141606491833133
V4	1:Ins:T:0	0.038952751135642234	0.02750291832159957	0.18860789978547385	0.16286125143448688	0.5295072845891791	0.052567894733618344
V4	1:Ins:T:1	0.0	0.1339977645795068	0.0	0.7129022652987301	0.0	0.153099970121763
V4	1:Ins:T:2	0.0	0.05716246798378311	0.09580232158117483	0.7995421569030852	9.284964001175738e-06	0.047483768567955734
V4	1:Ins:T:3	0.0	0.029832314153020966	0.5566759052389672	0.11948930170789575	0.10878168005219445	0.18522079884792175
V4	1:Ins:T:4	0.012270526897887792	0.005445491175570649	0.7017179800260613	0.015840495198167055	0.08125871346055846	0.18346679324175477
V4	1:Ins:T:5	0.005411695060060985	0.00010960704368584014	0.9932845340218593	0.0011936670654397572	2.0402572792334574e-07	2.927832260886441e-07
V4	2:Del:R:0	0.0	0.015437916428927287	0.0031404443723507176	0.16285673627778127	0.8182037441891891	0.00036115873175152324
V4	2:Del:R:1	0.25969847042888783	0.026410083526194773	0.05137774719620194	0.41442179427766745	0.0	0.24809190457104802
V4	2:Del:R:2	0.4049841958186076	0.02986007745770422	0.0	0.30653739508847144	0.0	0.2586183316352167
V4	2:Del:R:3	5.865790964617633e-05	0.00792979084736193	3.393203732765433e-05	3.968881897908195e-05	0.00023695907064321048	0.9917009713160418
V4	2:Del:R:4	0.996760277593353	2.1062671229500707e-08	3.0248140348221993e-06	2.4347323079333498e-05	2.7142388638356597e-06	0.003209614967997821
V4	2:Del:R:5	6.431253714812008e-06	0.002922092132329975	0.00010637256979056533	0.9962216159318986	3.220953332708293e-05	0.000711278578938984
V4	3:Del:R:0	0.03883884023405121	0.013124817221815584	0.06645227737812194	0.8775602191474554	0.004023846018556001	0.0
V4	3:Del:R:1	0.05698122569556027	0.016668037572270634	0.3368006656929786	0.030274996675553584	0.25881742853790785	0.300457645825729
V4	3:Del:R:2	0.02800868727863154	0.006547086885648225	0.03280801777390472	0.12313529743278515	0.5570092741357663	0.25249163649326395
V4	3:Del:R:3	0.000466251697802923	0.08431996737995132	0.9112010814697514	0.00033642846920038595	0.00320978979955561	0.0004664811837381784
V4	3:Del:R:4	0.0909568870244355	0.0032835981987130707	0.10302305622300761	0.08152130707714263	0.5819286743640738	0.13928647711262726
V4	3:Del:R:5	0.0909568870244355	0.0032835981987130707	0.10302305622300761	0.08152130707714263	0.5819286743640738	0.13928647711262726
V4	4:Del:R:0	0.01963514836721218	0.0033695030138286056	0.0801225386563127	0.7905420422807713	0.0485660459154243	0.057764721766451026
V4	4:Del:R:1	0.12399864735949266	0.039417750403604096	0.1343937493503212	0.28340015867628215	0.22981312767589512	0.18897656653440492
V4	4:Del:R:2	1.0938588089046898e-05	0.010572171072767141	5.679236600555059e-06	0.11846712520630252	0.6416429742363896	0.22930111165985115
V4	4:Del:R:3	0.0031807462747786724	0.0002208826593261156	0.003695953610059739	0.9662222666716791	0.02125192618860992	0.005428224595546412
V4	4:Del:R:4	0.0909568870244355	0.0032835981987130707	0.10302305622300761	0.08152130707714263	0.5819286743640738	0.13928647711262726
V4	4:Del:R:5	0.0007193040243525217	2.5457207663446172e-05	0.0007522287695098281	0.0005319806040581199	0.003930420131715968	0.9940406092627001
V4	5:Del:R:0	0.011686161535738778	8.344363555887541e-07	0.007298873884028783	0.9165957471287576	0.06393324435623964	0.0004851386588795557
V4	5:Del:R:1	0.03569242133396236	0.0006390561057546828	0.12653969826814757	0.0031843515402479095	0.4124272370333672	0.4215172357185201
V4	5:Del:R:2	0.00023149883721915336	3.259328194765962e-06	0.0004177144322333246	0.20819352895694274	0.0007742071222059826	0.790379791323204
V4	5:Del:R:3	0.0909568870244355	0.0032835981987130707	0.10302305622300761	0.08152130707714263	0.5819286743640738	0.13928647711262726
V4	5:Del:R:4	2.5770598916250553e-05	7.812077180539771e-07	1.672318054190219e-05	0.00033496130796854953	0.999619244165018	2.519539837096814e-06
V4	5:Del:R:5	0.9999963675304174	1.4571183388149088e-08	4.762579016201959e-07	1.9093563048490767e-07	2.1189551238999762e-06	8.317497432924067e-07
V4	2:Ins:R:0	0.0989977522334623	0.019329595238017618	0.25447197615732636	0.4216991423049651	0.0	0.20550153406622867
V4	2:Ins:R:1	0.016826731735608825	0.010722322240884064	0.0031898510956149756	0.423656862519207	0.4172476383195758	0.12835659408910943
V4	2:Ins:R:2	2.160748048162289e-05	0.011778847490139207	0.09418185361427225	0.08141082091936601	0.041033796413973124	0.7715730740817679
V4	2:Ins:R:3	0.2973073665397123	0.003605757622005036	0.24518817671024787	0.030764679650245378	0.3404233850294588	0.08271063444833063
V4	2:Ins:R:4	8.818365930673272e-07	6.47161498334181e-05	0.3959681801113925	0.012568394200228735	0.18430618190173326	0.4070916458002192
V4	2:Ins:R:5	0.0	0.000968461671644539	0.45939282405819226	0.03321080735234285	0.03569149008631381	0.47073641683150663
V4	3:Ins:R:0	6.738185470809318e-05	0.03786136389319973	4.7380050433355114e-05	0.9617662611817979	0.00017217556713993408	8.543745272103662e-05
V4	3:Ins:R:1	0.22188970562670499	0.06827661605870196	0.09167265382989934	0.0	0.6181610244846938	0.0
V4	3:Ins:R:2	0.992088288045389	3.4893483552077644e-05	0.0006386281409494589	0.000645743467902209	0.0058601496270664745	0.0007322972351407976
V4	3:Ins:R:3	0.00010941043995851776	1.7641500179974475e-09	1.7978358050255886e-07	6.627507837512941e-08	0.9998874638572814	2.877879951162166e-06
V4	3:Ins:R:4	0.0	2.5084350936301147e-06	0.00027204982269694953	0.9988629198773921	0.00040102786508908737	0.00046149399972823997
V4	3:Ins:R:5	0.0	0.005585342121620606	0.0700270979601371	0.15868623881184724	0.0154461724281959	0.7502551486781991
V4	4:Ins:R:0	0.0	0.018159318673038296	0.1679258486018244	0.7527847756744901	2.5221503816065952e-05	0.061104835546830986
V4	4:Ins:R:1	0.0	0.007930179789457726	0.2633748332291554	0.15451892465645592	0.15875043523849602	0.415425627086435
V4	4:Ins:R:2	0.3379071115383584	3.3340155171764798e-06	0.27178370049394923	0.10397341669815106	0.00029532452744447337	0.2860371127265796
V4	4:Ins:R:3	0.0005461085130774555	1.7974174572628588e-05	0.0005656355895256788	0.0003627751721519116	0.0027587634362563986	0.995748743114416
V4	4:Ins:R:4	0.9992620356315283	7.871574537720462e-06	6.780168091225356e-06	3.952251597446262e-06	0.0007105362465456337	8.824127699732557e-06
V4	4:Ins:R:5	0.12991877683703917	0.0	0.1498002740661577	0.13727791247913426	0.22950187692045806	0.3535011596972108
V4	5:Ins:R:0	3.481906106190234e-05	0.006889903451677622	3.278724877430242e-05	0.000689188037922097	0.8197481859357968	0.17260511626476724
V4	5:Ins:R:1	0.009553549039038914	0.010114888772247328	0.0819304156407107	0.7090526771100095	0.10749389303919211	0.08185457639880137
V4	5:Ins:R:2	0.0909568870244355	0.0032835981987130707	0.10302305622300761	0.08152130707714263	0.5819286743640738	0.13928647711262726
V4	5:Ins:R:3	0.4876275425516507	1.2287603752016304e-06	0.21590949064696932	7.454824640897282e-07	6.309146129358292e-05	0.2963979010972471
V4	5:Ins:R:4	0.013487261355646677	0.8739071277511957	0.008993905771646294	0.006571063689431671	0.08299706077815318	0.014043580653926344
V4	5:Ins:R:5	7.966595251487027e-05	4.219912542829577e-06	0.09770647453109363	0.6786200437934348	0.22324105270244776	0.00034854310796623143
V4	2:Del:M:1	0.021882130924199588	0.0325478676256927	0.17949621218050377	0.5335741012060968	0.17300687195321898	0.05949281611028811
V4	3:Del:M:1	0.27250021697598426	0.01665141096562365	0.0038338879049863443	0.550584239786423	0.15241670102797314	0.004013543339009507
V4	3:Del:M:2	0.0834130185690662	0.018667548512701068	0.1349908088092379	0.5352232432205792	0.0	0.22770538088841563
V4	4:Del:M:1	0.0	0.00015321779241493327	0.0029024481921826922	0.01794050809350114	0.9790038259219013	0.0
V4	4:Del:M:2	0.029366142865681868	0.032074595610335585	0.07956989298556921	0.74384645046214	0.06344269507554659	0.05170022300072664
V4	4:Del:M:3	0.07934302713748652	0.02210820720677945	0.0	0.10677311395878197	0.7846151064678284	0.0071605452291237165
V4	5:Del:M:1	0.0022430924529053256	5.238245548800904e-09	0.002426322368182064	0.9568527959923269	0.03847736295771546	4.209906246504056e-07
V4	5:Del:M:2	0.052895001107844834	0.0007559433363546277	8.595735474772399e-08	0.8722705720885038	0.061198358294902236	0.012880039215039791
V4	5:Del:M:3	0.024906048878058938	0.004913791423727059	0.0	0.8845053848852649	0.07792068234766387	0.007754092465285246
V4	5:Del:M:4	0.9820378019312788	0.0003626182280694408	0.0008199915294112698	0.007795110269002458	0.008109389337228533	0.0008750887050094341
V4	5:Del:M:5	0.0	2.5447538694605734e-08	0.012736326716312205	0.36258406383720915	0.4839127832794435	0.1407668007194965
V5	1:Del:C:0	0.0017240342113982027	0.2874813778103706	0.004787744616954396	0.08128377213719763	0.4533408570862848	0.1713822141377943
V5	1:Del:C:1	0.0636652746425496	0.45869105188709935	0.010843125157765731	0.3180029274220028	0.1164136945559479	0.0323839263346345
V5	1:Del:C:2	0.31644448350335797	0.0839976392774813	0.0074622293621713215	0.16323272533155891	0.0	0.4288629225254306
