Sample Names	MutationType	ID83A	ID83B	ID83C	ID83D	ID83E	ID83F
V1	1:Del:C:0	0.0	0.0	0.0	0.0	1.0	0.0
V1	1:Del:C:1	0.0	0.5493925249558373	0.0	0.06558601104331681	0.38502146400084586	0.0
V1	1:Del:C:2	0.0	0.1664100313999673	0.0	1.2568561294305379e-05	0.8335774000387383	0.0
V1	1:Del:C:3	0.0	0.752036210213836	0.0	0.0	0.24796378978616393	0.0
V1	1:Del:C:4	0.0	0.9667297681032313	0.0	0.0	0.03327023189676866	0.0
V1	1:Del:C:5	0.0	0.7073307631475281	0.0	0.2689138096331699	0.02375542721930212	0.0
V1	1:Del:T:0	0.0	0.2720518153182897	0.0	0.16440528022309744	0.5635429044586129	0.0
V1	1:Del:T:1	0.0	0.35833306854460023	0.0	0.027643101320891504	0.6140238301345082	0.0
V1	1:Del:T:2	0.0	0.00499551884186463	0.0	0.9927838957219561	0.002220585436179149	0.0
V1	1:Del:T:3	0.0	0.8281430000052834	0.0	0.15961420693386139	0.012242793060855243	0.0
V1	1:Del:T:4	0.0	1.0	0.0	0.0	0.0	0.0
V1	1:Del:T:5	0.0	0.0002719513128310733	0.0	0.00029087479197376326	0.9994371738951952	0.0
V1	1:Ins:C:0	0.0	0.00021683654598135437	0.0	0.3572896150413207	0.642493548412698	0.0
V1	1:Ins:C:1	0.0	0.480842758487981	0.0	6.815809977000891e-05	0.5190890834122489	0.0
V1	1:Ins:C:2	0.0	5.8520636130815804e-05	0.0	0.0003071834385541582	0.999634295925315	0.0
V1	1:Ins:C:3	0.0	0.6366443131925449	0.0	0.32059160501252937	0.04276408179492568	0.0
V1	1:Ins:C:4	0.0	0.45344148705666487	0.0	0.5454985264463048	0.001059986497030385	0.0
V1	1:Ins:C:5	0.0	0.9697243142008513	0.0	0.030075423094738436	0.00020026270441027183	0.0
V1	1:Ins:T:0	0.0	0.5341208862986299	0.0	0.29982068307684506	0.16605843062452508	0.0
V1	1:Ins:T:1	0.0	0.0001955980055267559	0.0	7.185248138652603e-05	0.9997325495130868	0.0
V1	1:Ins:T:2	0.0	0.6766035491420652	0.0	0.2667766079167313	0.056619842941203515	0.0
V1	1:Ins:T:3	0.0	0.9507426317961477	0.0	7.12374186727027e-06	0.049250244461985046	0.0
V1	1:Ins:T:4	0.0	0.964769804473327	0.0	0.029917265659825314	0.0053129298668475825	0.0
V1	1:Ins:T:5	0.0	0.9998025796289787	0.0	0.0	0.00019742037102133038	0.0
V1	2:Del:R:0	0.0	0.5264060728746353	0.0	0.12270715156322562	0.35088677556213915	0.0
V1	2:Del:R:1	0.0	0.09286239462513739	0.0	0.1911434427423586	0.7159941626325041	0.0
V1	2:Del:R:2	0.0	0.0	0.0	1.0	0.0	0.0
V1	2:Del:R:3	0.0	0.18943181595995295	0.0	0.8105658716539902	2.3123860568708726e-06	0.0
V1	2:Del:R:4	0.0	0.9986906192646725	0.0	0.0012842826116410454	2.509812368638624e-05	0.0
V1	2:Del:R:5	0.0	0.0008870263519116966	0.0	0.000469119178295612	0.9986438544697926	0.0
V1	3:Del:R:0	0.0	0.08504886762655953	0.0	0.06163748833527392	0.8533136440381666	0.0
V1	3:Del:R:1	0.0	0.9620003310699603	0.0	0.011607879284108669	0.026391789645931096	0.0
V1	3:Del:R:2	0.0	0.7196074127388011	0.0	0.07013377635849118	0.21025881090270776	0.0
V1	3:Del:R:3	0.0	0.13696768486889332	0.0	0.8630321102186945	2.0491241218501692e-07	0.0
V1	3:Del:R:4	0.0	0.47574867056196624	0.0	0.45570420118147476	0.06854712825655912	0.0
V1	3:Del:R:5	0.0	0.47574867056196624	0.0	0.45570420118147476	0.06854712825655912	0.0
V1	4:Del:R:0	0.0	0.3081391966994522	0.0	0.05353372886709798	0.6383270744334498	0.0
V1	4:Del:R:1	0.0	0.3134650352420162	0.0	0.3170364930364121	0.36949847172157163	0.0
V1	4:Del:R:2	0.0	0.0	0.0	0.999053077387974	0.0009469226120259788	0.0
V1	4:Del:R:3	0.0	0.0070199469105127746	0.0	0.007427583936162374	0.9855524691533248	0.0
V1	4:Del:R:4	0.0	0.9997247977480922	0.0	0.0002616877959075148	1.3514456000299008e-05	0.0
V1	4:Del:R:5	0.0	0.47574867056196624	0.0	0.45570420118147476	0.06854712825655912	0.0
V1	5:Del:R:0	0.0	0.06745370098337498	0.0	0.0013263891684257244	0.9312199098481992	0.0
V1	5:Del:R:1	0.0	2.8849943947381646e-05	0.0	0.9132635476872929	0.0867076023687597	0.0
V1	5:Del:R:2	0.0	0.21286805617406648	0.0	0.14657137345855464	0.6405605703673788	0.0
V1	5:Del:R:3	0.0	4.717819444029954e-05	0.0	0.9999261255087665	2.669629679324542e-05	0.0
V1	5:Del:R:4	0.0	0.0	0.0	0.996910752600479	0.0030892473995210354	0.0
V1	5:Del:R:5	0.0	0.47574867056196624	0.0	0.45570420118147476	0.06854712825655912	0.0
V1	2:Ins:R:0	0.0	0.4989914622397834	0.0	0.35395280685439934	0.14705573090581725	0.0
V1	2:Ins:R:1	0.0	0.7485798929693406	0.0	0.00013150656658985	0.25128860046406953	0.0
V1	2:Ins:R:2	0.0	0.37983859485362126	0.0	0.6022509525788565	0.01791045256752219	0.0
V1	2:Ins:R:3	0.0	0.8959610980605092	0.0	0.0	0.10403890193949072	0.0
V1	2:Ins:R:4	0.0	0.9996153715807794	0.0	0.0003846284192206417	0.0	0.0
V1	2:Ins:R:5	0.0	0.9394423642260634	0.0	0.057153741360104385	0.0034038944138322347	0.0
V1	3:Ins:R:0	0.0	0.7517544787494992	0.0	0.0001877867627019822	0.2480577344877988	0.0
V1	3:Ins:R:1	0.0	0.0	0.0	0.7526527490654977	0.2473472509345022	0.0
V1	3:Ins:R:2	0.0	0.5652043598722399	0.0	0.374842134125562	0.05995350600219807	0.0
V1	3:Ins:R:3	0.0	0.9991616476366726	0.0	0.0007258636976507853	0.0001124886656765369	0.0
V1	3:Ins:R:4	0.0	0.12527226221650728	0.0	0.8253566130134683	0.04937112477002438	0.0
V1	3:Ins:R:5	0.0	0.23685009214012112	0.0	0.7211909782911193	0.041958929568759566	0.0
V1	4:Ins:R:0	0.0	0.0019559973559174194	0.0	0.003975392303746296	0.9940686103403363	0.0
V1	4:Ins:R:1	0.0	6.71917292131447e-07	0.0	0.9999992413752739	8.670743387153089e-08	0.0
V1	4:Ins:R:2	0.0	0.05514963534651811	0.0	0.9448498466576205	5.179958614182277e-07	0.0
V1	4:Ins:R:3	0.0	0.9924469014760109	0.0	0.00012815692455792955	0.007424941599431248	0.0
V1	4:Ins:R:4	0.0	0.998550811259336	0.0	0.0012910005040747594	0.00015818823658921764	0.0
V1	4:Ins:R:5	0.0	0.5789335087807281	0.0	0.4018320191756033	0.019234472043668703	0.0
V1	5:Ins:R:0	0.0	0.9992329372905673	0.0	0.000753645747802788	1.3416961629934375e-05	0.0
V1	5:Ins:R:1	0.0	0.40601587870306266	0.0	0.05188029107998425	0.5421038302169532	0.0
V1	5:Ins:R:2	0.0	0.9978127384408093	0.0	0.0005738162072574739	0.0016134453519332014	0.0
V1	5:Ins:R:3	0.0	0.009579539369078268	0.0	0.0007399629160848104	0.9896804977148369	0.0
V1	5:Ins:R:4	0.0	0.9972068128823229	0.0	0.0024274074393007628	0.00036577967837622834	0.0
V1	5:Ins:R:5	0.0	0.36808859768417795	0.0	0.0031393140582864926	0.6287720882575356	0.0
V1	2:Del:M:1	0.0	0.6224758309292994	0.0	0.0	0.3775241690707006	0.0
V1	3:Del:M:1	0.0	0.0	0.0	8.700418401560413e-05	0.9999129958159844	0.0
V1	3:Del:M:2	0.0	0.33855689860230065	0.0	0.45308782132111375	0.20835528007658555	0.0
V1	4:Del:M:1	0.0	0.04882222737021607	0.0	0.7887879370209265	0.16238983560885734	0.0
V1	4:Del:M:2	0.0	0.07591576361669135	0.0	5.6591362263779156e-05	0.9240276450210448	0.0
V1	4:Del:M:3	0.0	0.3999024102611355	0.0	0.485992504097385	0.11410508564147955	0.0
V1	5:Del:M:1	0.0	1.7576726461967315e-06	0.0	3.945794259710753e-06	0.9999942965330941	0.0
V1	5:Del:M:2	0.0	0.05528145521837369	0.0	0.006413523020391875	0.9383050217612344	0.0
V1	5:Del:M:3	0.0	1.4393061236853535e-05	0.0	2.6302340222653297e-44	0.9999856069387631	0.0
V1	5:Del:M:4	0.0	0.0	0.0	0.2183073362102171	0.781692663789783	0.0
V1	5:Del:M:5	0.0	0.22802444881663908	0.0	0.26843513595995416	0.5035404152234066	0.0
V2	1:Del:C:0	0.988244978923376	0.0	2.028091431670949e-06	0.0	0.011752852113535937	1.4087165641415516e-07
V2	1:Del:C:1	0.9617191038976628	0.006058062307379432	3.4815940407769395e-05	0.00026644443045466135	0.03192157342409526	0.0
V2	1:Del:C:2	0.5001428254192481	0.00528902339481211	0.17226737697106048	1.4717227117237146e-07	0.19920043204692653	0.12310019499568146
V2	1:Del:C:3	0.8260470732015441	0.031386977178558935	0.015523948902083959	0.0	0.07781214076838937	0.049229859949423575
V2	1:Del:C:4	0.8507445456299656	0.015250263487589902	0.010247825258607474	0.0	0.003946175922785388	0.11981118970105167
V2	1:Del:C:5	0.01713685671604575	0.06667866959926667	0.0	0.0093394633802351	0.016837421481653677	0.8900075888227988
V2	1:Del:T:0	0.9307530955339167	0.00213872503400733	0.0046795347471914606	0.0004761716395194889	0.03331030964151412	0.028642163403850993
V2	1:Del:T:1	0.9474533700769995	0.0015670908141598877	0.016036384307134166	4.453879684084423e-05	0.02019021118899957	0.014708404815866083
V2	1:Del:T:2	0.7996612757414533	0.0023975699888649903	0.0053919683905174045	0.1755455622920768	0.008013210263139591	0.00899041332394783
V2	1:Del:T:3	0.9031579814095896	0.002743668800249473	0.011504619650652363	0.00019482394487726934	0.000304968663958312	0.08209393753067303
V2	1:Del:T:4	0.8327537967639407	0.0024974138601005008	0.0	0.0	0.0	0.16474878937595883
V2	1:Del:T:5	0.0006056410324750512	4.479333002195113e-08	0.0030852178416868156	1.7651138188587096e-08	0.0012377303725581135	0.9950713483088118
V2	1:Ins:C:0	0.34447610935287054	1.4127122571192562e-05	0.33219084056921	0.008576025521852082	0.31473016006318744	1.2737370308885676e-05
V2	1:Ins:C:1	3.3916197128752847e-06	0.06360490074099205	7.422154820684945e-06	3.321615911611755e-06	0.5162710278507142	0.4201099360178486
V2	1:Ins:C:2	0.3436043233579389	5.110175814348053e-06	2.1095594980138387e-05	9.882550457397653e-06	0.6563210153625698	3.8572958239325503e-05
V2	1:Ins:C:3	0.0003567536139701612	0.00011615099971418556	0.3694949555844634	2.1548779283559006e-05	5.866155871977223e-05	0.629951929463849
V2	1:Ins:C:4	0.0	0.09556753121442839	0.08597107933095506	0.04235718941655343	0.001679723530806148	0.774424476507257
V2	1:Ins:C:5	0.0	0.41355985908376286	0.06806629143316315	0.004725483797361682	0.0006421530201841856	0.5130062126655281
V2	1:Ins:T:0	0.8473300776438314	0.01953419567718591	0.01024281137719296	0.004039819871917694	0.0456630862570586	0.07319000917281349
V2	1:Ins:T:1	0.8809237698074539	2.1453780053896474e-06	1.271109565723507e-06	2.903525280652989e-07	0.08244638025784268	0.036626143094604165
V2	1:Ins:T:2	0.808314263105193	0.03807586381368576	0.012247958832804778	0.005531051197376868	0.023957004398546655	0.11187385865239273
V2	1:Ins:T:3	0.10464261954753366	0.6443753262949653	1.424521558766162e-06	1.7788058433990331e-06	0.250976283423305	2.567406793994352e-06
V2	1:Ins:T:4	0.12032127317661347	0.48455514229597946	0.0	0.005535869470831912	0.020063280572972696	0.3695244344836025
V2	1:Ins:T:5	0.032473372610366806	0.9641984501812411	4.2941182036493526e-06	0.0	0.0014315037792325704	0.001892379310956042
V2	2:Del:R:0	0.8612787647740051	0.02057039533581773	0.013289366412972282	0.0017665911943952305	0.10309488228280946	0.0
V2	2:Del:R:1	0.6229022461224365	0.003553263972463197	0.003873518746623832	0.0026945822023599635	0.20598966654690531	0.16098672240921122
V2	2:Del:R:2	0.5686491529431091	0.0	0.05380506292686118	2.8683761283815076e-06	0.0	0.37754291575390136
V2	2:Del:R:3	0.32909662028212205	0.05706037389153967	1.0383736803390397e-05	0.08995274972864768	5.237094270926121e-06	0.5238746352666163
V2	2:Del:R:4	1.4030251375875735e-05	0.004170895716401457	0.46475264978981384	1.9760749030832186e-06	7.881120633640428e-07	0.5310596600554424
V2	2:Del:R:5	0.32597525962388446	3.4137547833045674e-05	0.0002471296992343938	6.651558676485366e-06	0.28897135365564075	0.384765467914731
V2	3:Del:R:0	0.5585691744424931	0.005527614866206258	0.01743634183233233	0.0014759057100255772	0.4169906234256913	3.3972325142655824e-07
V2	3:Del:R:1	0.3235938744119467	0.16783778745688355	0.07023996613557472	0.0007461254371049946	0.034620371537881715	0.40296187502060843
V2	3:Del:R:2	0.35675736414388204	0.06022435252953029	0.0655499775185762	0.002162460455819831	0.13230585821131072	0.3829999871408809
V2	3:Del:R:3	0.4068206992511567	0.045206811777244	0.0	0.10494388989099976	5.085133853505556e-07	0.44302809056721415
V2	3:Del:R:4	0.3105301127297658	0.06780525404230946	0.32571398847702215	0.02392837661524887	0.07345534250759005	0.19856692562806355
V2	3:Del:R:5	0.3105301127297658	0.06780525404230946	0.32571398847702215	0.02392837661524887	0.07345534250759005	0.19856692562806355
V2	4:Del:R:0	0.7077273936222873	0.017564868866196112	0.0	0.0011242681302863712	0.27358330398411174	1.6539711849360293e-07
V2	4:Del:R:1	0.7398650281447884	0.009502477667300176	0.10042858582179605	0.0035408004071082826	0.0842187434888087	0.06244436447019841
V2	4:Del:R:2	0.9796129806886668	0.0	1.0106636697122347e-05	0.00034902356411626483	6.751256284410601e-06	0.02002113785423541
V2	4:Del:R:3	0.0035022459794316133	0.0009360500375485884	0.004661562525670719	0.00036488603701469483	0.9880828165636449	0.002452438856689376
V2	4:Del:R:4	0.09313079919129325	0.006977129205228967	0.7727581549802193	6.728592220756708e-07	7.09158362372781e-07	0.1271325346056742
V2	4:Del:R:5	0.3105301127297658	0.06780525404230946	0.32571398847702215	0.02392837661524887	0.07345534250759005	0.19856692562806355
V2	5:Del:R:0	0.0057103166423007915	0.008776991439411668	0.06319843577367126	6.358509103528936e-05	0.9110464149831737	0.011204256070407169
V2	5:Del:R:1	0.00040774305400327187	7.972323538841115e-09	0.9985136576790067	9.297806507409758e-05	0.0001801546506856941	0.000805458578906759
V2	5:Del:R:2	0.19552449984194822	0.010882770444175896	0.026810773637374948	0.0027607213293341297	0.2462280554567128	0.517793179290454
V2	5:Del:R:3	0.09566604935454119	4.473020173235901e-06	0.1660008324331577	0.03492785339482612	1.9030882235094735e-05	0.7033817609150667
V2	5:Del:R:4	0.04079352884923166	0.0	0.9543360438714152	0.004580735892927203	0.00028969138642581286	0.0
V2	5:Del:R:5	0.3105301127297658	0.06780525404230946	0.32571398847702215	0.02392837661524887	0.07345534250759005	0.19856692562806355
V2	2:Ins:R:0	0.8527804587113785	0.042338916851124044	0.0	0.01106461808717212	0.09381600635032529	0.0
V2	2:Ins:R:1	0.01722934330756255	0.00041127908864791	0.9813212578927691	2.6618914980066457e-08	0.0010380532139672109	3.98781381935772e-08
V2	2:Ins:R:2	0.5804169167005215	0.022760435002454966	0.018880467511003494	0.013295461051283864	0.008069309744116697	0.35657740999061943
V2	2:Ins:R:3	0.32887544424232407	0.10200728708833721	0.3437576010486521	0.0	0.08906071206092572	0.136298955559761
V2	2:Ins:R:4	0.05764067720023061	0.6507135766354999	0.03379346818208923	9.224498216941262e-05	0.0	0.2577600330000108
V2	2:Ins:R:5	1.300506682828325e-44	0.2859624667791399	0.06636639811319853	0.0064095567648232085	0.007790464144577221	0.6334711141982611
V2	3:Ins:R:0	0.41978883066873657	0.16666819897525267	2.3087528928800977e-05	1.5338614493067058e-05	0.413502224499423	2.319713166080793e-06
V2	3:Ins:R:1	0.9027499359783498	0.0	6.195902441990531e-23	0.008593992640253139	0.057638322552648356	0.031017748828748727
V2	3:Ins:R:2	0.0016745065519925024	0.0003943452591078664	0.9967618345775955	9.635271612460604e-05	0.0003145097149230894	0.0007584511802563931
V2	3:Ins:R:3	0.0012346195380829796	0.29951480675729286	0.6981218942234994	8.016449430051826e-05	0.0002535360184036284	0.0007949789684206658
V2	3:Ins:R:4	3.8369442666649616e-07	0.002349368644141222	0.9828519111764549	0.005702723596116785	0.006961737255012273	0.0021338756338483127
V2	3:Ins:R:5	0.03584989260823957	0.032994516502562285	0.0	0.037013737018660176	0.043948187616515616	0.8501936662540224
V2	4:Ins:R:0	0.5099556559631867	0.00012790989847680356	0.0006310111907956658	9.577679995256656e-05	0.4887655753969662	0.0004240707506219673
V2	4:Ins:R:1	1.2722449875209266e-05	1.8237323927828283e-06	6.219358651514598e-06	0.9999756011858859	1.7694976344860777e-06	1.8637755600271755e-06
V2	4:Ins:R:2	8.492343877537456e-06	0.027308510826788698	3.271803168340514e-05	0.1723703680141408	1.9285460871799376e-06	0.8002779822374224
V2	4:Ins:R:3	0.03140346326397761	0.916234828225613	0.0005362821419373419	4.358991599902473e-05	0.05153958499902297	0.00024225145344997827
V2	4:Ins:R:4	0.004356862308210557	0.9865040433770451	0.004565221098058275	0.0004698936235433317	0.001175036195163361	0.0029289433979795216
V2	4:Ins:R:5	0.47222084161928535	0.06725212711235139	0.0	0.017197539536582714	0.01679987177355525	0.4265296199582252
V2	5:Ins:R:0	0.8104897506211131	0.18930811103874925	2.6074123345144948e-05	5.260344331673075e-05	1.9111950756777066e-05	0.00010434882271926496
V2	5:Ins:R:1	0.049494234071243044	0.06624708631673926	0.21608900371303152	0.003118678501214081	0.6650504599163011	5.374814709812043e-07
V2	5:Ins:R:2	0.001989363254516069	0.9814969497918454	0.0031447150929235406	0.0002079491549903635	0.011932804612779764	0.001228218092944989
V2	5:Ins:R:3	1.018314240763372e-05	0.0004803883175932902	0.40604242461828327	1.3671060495146637e-05	0.3731566470625903	0.2202966857986303
V2	5:Ins:R:4	0.010272869238222572	0.9686125818943956	0.01087250371140585	0.0008686643267246467	0.0026713623568503744	0.006702018472401002
V2	5:Ins:R:5	0.5493153843468365	0.03238687809977538	0.0015769389433185645	0.00010176441165983401	0.41596648081972887	0.0006525533786809995
V2	2:Del:M:1	0.5437542257459647	0.043756177147453536	0.21295877235281835	0.0	0.19953082475376346	0.0
V2	3:Del:M:1	0.693860377962091	0.0	2.864949429165313e-05	1.3049947686531277e-06	0.3060798679671348	2.9799581713846008e-05
V2	3:Del:M:2	0.37483974662319947	0.018811637976981935	0.030360281677765912	0.009275167741238413	0.08704579867136288	0.4796673673094516
V2	4:Del:M:1	0.3671318749728744	0.017607492858164424	0.0	0.10480563444219526	0.4403389810962112	0.07011601663055465
V2	4:Del:M:2	0.8497476042896133	0.001072216050012869	0.025135098925534494	2.9447262413239777e-07	0.09812590217694499	0.025918884085270055
V2	4:Del:M:3	0.8474052252260574	0.00906717990606143	0.02738274807509431	0.0040596839157775065	0.019452327442344187	0.09263283543466487
V2	5:Del:M:1	0.0034892723402945207	2.3295448122275276e-07	5.688127675271155e-06	1.9266904770503767e-07	0.9965037953777839	8.185307174314548e-07
V2	5:Del:M:2	4.7574270732280224e-05	0.0077453947606449325	0.0034209909626048488	0.0003310588389259786	0.988454061624783	9.195423089452569e-07
V2	5:Del:M:3	0.07824105733805096	1.6999469430296006e-06	0.03371107074851808	1.1445137744230302e-45	0.8880231791263494	2.2992840138375948e-05
V2	5:Del:M:4	0.5926423492315376	0.0	0.0	0.005358956960234344	0.3916083061372582	0.01039038767096979
V2	5:Del:M:5	0.005591959921433318	0.035706949275436405	0.02353524983021313	0.01548656614685201	0.5928625596131364	0.32681671521292877
V3	1:Del:C:0	0.0	0.0	0.0	0.0	0.9999976232612839	2.3767387160167373e-06
V3	1:Del:C:1	0.0	0.0	0.0	0.0038011964143973074	0.9961988035856026	0.0
V3	1:Del:C:2	0.0	0.0	0.0	3.008752705459584e-07	0.8908382160173525	0.10916148310737696
V3	1:Del:C:3	0.0	0.0	0.0	0.0	0.8885305805776876	0.11146941942231244
V3	1:Del:C:4	0.0	0.0	0.0	0.0	0.1424426689949733	0.8575573310050268
V3	1:Del:C:5	0.0	0.0	0.0	0.021608042911275667	0.08521521719014516	0.8931767398985792
V3	1:Del:T:0	0.0	0.0	0.0	0.005551965487260341	0.8495911184225595	0.1448569160901802
V3	1:Del:T:1	0.0	0.0	0.0	0.0008803777337291864	0.8730105507453609	0.12610907152090994
V3	1:Del:T:2	0.0	0.0	0.0	0.8912111790034702	0.08899085319857815	0.0197979677979516
V3	1:Del:T:3	0.0	0.0	0.0	0.0053418769888867595	0.018291731968407717	0.9763663910427055
V3	1:Del:T:4	0.0	0.0	0.0	0.0	0.0	1.0
V3	1:Del:T:5	0.0	0.0	0.0	4.0639888319126e-08	0.006233814871590877	0.9937661444885207
V3	1:Ins:C:0	0.0	0.0	0.0	0.012303248073069435	0.9876888257515799	7.926175350671617e-06
V3	1:Ins:C:1	0.0	0.0	0.0	2.532542968846248e-06	0.8610596256799985	0.13893784177703267
V3	1:Ins:C:2	0.0	0.0	0.0	6.883298723178658e-06	0.999981463085126	1.1653616150661947e-05
V3	1:Ins:C:3	0.0	0.0	0.0	7.881827786498564e-05	0.0004693598419817281	0.9994518218801532
V3	1:Ins:C:4	0.0	0.0	0.0	0.11089823359794819	0.009620183620658146	0.8794815827813937
V3	1:Ins:C:5	0.0	0.0	0.0	0.020666695833785942	0.0061434363133438365	0.9731898678528702
V3	1:Ins:T:0	0.0	0.0	0.0	0.02977576366871407	0.7362312209434914	0.2339930153877946
V3	1:Ins:T:1	0.0	0.0	0.0	1.4795883104577812e-06	0.9190411017053691	0.08095741870632041
V3	1:Ins:T:2	0.0	0.0	0.0	0.05195256824892438	0.4922434176322824	0.4558040141187933
V3	1:Ins:T:3	0.0	0.0	0.0	3.240003757851801e-06	0.9999947315577771	2.02843846505104e-06
V3	1:Ins:T:4	0.0	0.0	0.0	0.026397804293693383	0.20928204559359978	0.7643201501127069
V3	1:Ins:T:5	0.0	0.0	0.0	0.0	0.7923109978095081	0.20768900219049194
V3	2:Del:R:0	0.0	0.0	0.0	0.007772525240808375	0.9922274747591917	0.0
V3	2:Del:R:1	0.0	0.0	0.0	0.005150917093840694	0.861363806174209	0.1334852767319502
V3	2:Del:R:2	0.0	0.0	0.0	1.75150742348934e-05	0.0	0.999982484925765
V3	2:Del:R:3	0.0	0.0	0.0	0.28358331954249677	3.611641972488482e-05	0.7163805640377783
V3	2:Del:R:4	0.0	0.0	0.0	8.578333546675746e-06	7.484030746384788e-06	0.9999839376357068
V3	2:Del:R:5	0.0	0.0	0.0	8.324566646893026e-06	0.7911176287227807	0.20887404671057255
V3	3:Del:R:0	0.0	0.0	0.0	0.00161540737736912	0.9983844313358011	1.612868298497453e-07
V3	3:Del:R:1	0.0	0.0	0.0	0.0029694501210787904	0.301400504106617	0.6956300457723043
V3	3:Del:R:2	0.0	0.0	0.0	0.004724501672911217	0.6323171609062129	0.36295833742087585
V3	3:Del:R:3	0.0	0.0	0.0	0.35321184173024595	3.743937138083243e-06	0.646784414332616
V3	3:Del:R:4	0.0	0.0	0.0	0.08838058234707513	0.5934922785661367	0.3181271390867881
V3	3:Del:R:5	0.0	0.0	0.0	0.08838058234707513	0.5934922785661367	0.3181271390867881
V3	4:Del:R:0	0.0	0.0	0.0	0.0018750683349058766	0.998124812011617	1.1965347716421915e-07
V3	4:Del:R:1	0.0	0.0	0.0	0.016479937227698555	0.8574541881065944	0.1260658746657071
V3	4:Del:R:2	0.0	0.0	0.0	0.03857392103196562	0.0016321936887750683	0.9597938852792592
V3	4:Del:R:3	0.0	0.0	0.0	0.0001687053566018278	0.9993394589977868	0.000491835645611369
V3	4:Del:R:4	0.0	0.0	0.0	1.220112293465906e-05	2.8129815517594567e-05	0.9999596690615478
V3	4:Del:R:5	0.0	0.0	0.0	0.08838058234707513	0.5934922785661367	0.3181271390867881
V3	5:Del:R:0	0.0	0.0	0.0	3.182695708397473e-05	0.9975355599947258	0.0024326130481902375
V3	5:Del:R:1	0.0	0.0	0.0	0.11115892714090458	0.47114803272399614	0.4176930401350992
V3	5:Del:R:2	0.0	0.0	0.0	0.0036041552248431896	0.7031800056694055	0.29321583910575133
V3	5:Del:R:3	0.0	0.0	0.0	0.10270818608968518	0.000122416553234969	0.8971693973570798
V3	5:Del:R:4	0.0	0.0	0.0	0.8784720088571606	0.12152799114283933	0.0
V3	5:Del:R:5	0.0	0.0	0.0	0.08838058234707513	0.5934922785661367	0.3181271390867881
V3	2:Ins:R:0	0.0	0.0	0.0	0.05115707987783366	0.9488429201221662	0.0
V3	2:Ins:R:1	0.0	0.0	0.0	1.1722338840992268e-05	0.9999806602222395	7.617438919516318e-06
V3	2:Ins:R:2	0.0	0.0	0.0	0.07162872215648472	0.09509731375583234	0.833273964087683
V3	2:Ins:R:3	0.0	0.0	0.0	0.0	0.7671859735103606	0.23281402648963942
V3	2:Ins:R:4	0.0	0.0	0.0	0.0008243636310731065	0.0	0.9991756363689269
V3	2:Ins:R:5	0.0	0.0	0.0	0.021492275857394535	0.057143363913981345	0.9213643602286242
V3	3:Ins:R:0	0.0	0.0	0.0	1.695713090834003e-05	0.9999819304953903	1.112373701397654e-06
V3	3:Ins:R:1	0.0	0.0	0.0	0.058015733636681326	0.85115803995308	0.09082622641023871
V3	3:Ins:R:2	0.0	0.0	0.0	0.08654469109131482	0.6179574851587794	0.29549782374990574
V3	3:Ins:R:3	0.0	0.0	0.0	0.08183347530625058	0.5661567185081477	0.35200980618560157
V3	3:Ins:R:4	0.0	0.0	0.0	0.26090925289640987	0.6967433766605411	0.0423473704430491
V3	3:Ins:R:5	0.0	0.0	0.0	0.07374268224187232	0.19153362431138848	0.7347236934467393
V3	4:Ins:R:0	0.0	0.0	0.0	8.955669201293049e-05	0.999738444188041	0.00017199911994600342
V3	4:Ins:R:1	0.0	0.0	0.0	0.9999953206990893	3.870852407120625e-06	8.084485035793781e-07
V3	4:Ins:R:2	0.0	0.0	0.0	0.33179814543038877	8.120624496918842e-06	0.6681937339451143
V3	4:Ins:R:3	0.0	0.0	0.0	0.00038612217618042786	0.9986830801498399	0.0009307976739796323
V3	4:Ins:R:4	0.0	0.0	0.0	0.10900518060551373	0.5962754013488334	0.294719418045653
V3	4:Ins:R:5	0.0	0.0	0.0	0.07196856680780095	0.1537908744278455	0.7742405587643536
V3	5:Ins:R:0	0.0	0.0	0.0	0.37661787389109846	0.299322823770098	0.32405930233880365
V3	5:Ins:R:1	0.0	0.0	0.0	0.002139133396923576	0.9978607066911174	1.5991195898684385e-07
V3	5:Ins:R:2	0.0	0.0	0.0	0.007746661685968265	0.9724068759286232	0.01984646238540865
V3	5:Ins:R:3	0.0	0.0	0.0	1.4992665822960646e-05	0.895191396661496	0.10479361067268093
V3	5:Ins:R:4	0.0	0.0	0.0	0.09030392755262852	0.607484940250876	0.30221113219649565
V3	5:Ins:R:5	0.0	0.0	0.0	0.00011179075780049271	0.9995772695233889	0.00031093971881053023
V3	2:Del:M:1	0.0	0.0	0.0	0.0	1.0	0.0
V3	3:Del:M:1	0.0	0.0	0.0	1.949021873308322e-06	0.999978746045277	1.9304932849602984e-05
V3	3:Del:M:2	0.0	0.0	0.0	0.022747265158214538	0.46698539010572265	0.5102673447360627
V3	4:Del:M:1	0.0	0.0	0.0	0.09541136235007659	0.8769011923264128	0.027687445323510723
V3	4:Del:M:2	0.0	0.0	0.0	1.3035916791692292e-06	0.9502292124777536	0.04976948393056725
V3	4:Del:M:3	0.0	0.0	0.0	0.04677479180821716	0.4902744659622271	0.4629507422295557
V3	5:Del:M:1	0.0	0.0	0.0	8.83862733176595e-08	0.9999997487373727	1.6287635395860603e-07
V3	5:Del:M:2	0.0	0.0	0.0	0.00015308550324125343	0.9998467300585993	1.844381594987151e-07
V3	5:Del:M:3	0.0	0.0	0.0	5.891778761634786e-46	0.9999948658540379	5.134145962267675e-06
V3	5:Del:M:4	0.0	0.0	0.0	0.006184536499741023	0.988614200379539	0.005201263120720045
V3	5:Del:M:5	0.0	0.0	0.0	0.010650029363286427	0.8918622045310459	0.09748776610566764
V4	1:Del:C:0	0.6134144693121251	0.0	2.5147758175751267e-07	0.0	0.38658457232888815	7.068814050167012e-07
V4	1:Del:C:1	0.3481297555283578	0.03207173926293265	2.517638539581946e-06	0.007461050327714393	0.6123349372424557	0.0
V4	1:Del:C:2	0.04111953298509104	0.006359536922246134	0.002829303370961884	9.360101177617386e-07	0.8678731525192572	0.08181753819232587
V4	1:Del:C:3	0.14218658680630766	0.07901311772904478	0.000533799770332045	0.0	0.7097624896579042	0.06850400603641131
V4	1:Del:C:4	0.3775192367632916	0.09897217969779477	0.000908435233781651	0.0	0.09279577491167047	0.4298043733934616
V4	1:Del:C:5	0.0017483056987727915	0.0994876124126554	0.0	0.07370696896753647	0.09102771446572915	0.7340293984553062
V4	1:Del:T:0	0.3106097530669677	0.010438339712730145	0.000311964819579431	0.012292622518937863	0.5890757111829833	0.0772716086988017
V4	1:Del:T:1	0.43745122205649284	0.010581855551586148	0.0014791103987987705	0.001590782083790077	0.4939972124750033	0.05489981743432898
V4	1:Del:T:2	0.05362239340129156	0.0023512959597500665	7.22287023319849e-05	0.9106057854052586	0.02847465789995885	0.0048736386314088675
V4	1:Del:T:3	0.550547368786431	0.02446011680365522	0.0014009594919668186	0.009187000096868268	0.009851401779657883	0.40455315304142087
V4	1:Del:T:4	0.3783301520798531	0.016593604165010607	0.0	0.0	0.0	0.6050762437551365
V4	1:Del:T:5	7.466813100067709e-05	8.076611895477178e-08	7.598505278798426e-05	1.6834224924164155e-07	0.008086449620712161	0.991762648087131
V4	1:Ins:C:0	0.019404040850964133	1.1638115444049483e-05	0.0037380324925747267	0.03736969545629745	0.9394707928391022	5.800245617596616e-06
V4	1:Ins:C:1	1.0704167409573742e-07	0.029358387326307255	4.6794854015824775e-08	8.109527951969152e-06	0.8634463207127198	0.10718702859649283
V4	1:Ins:C:2	0.009782428110023394	2.127745899794626e-06	1.199781524144807e-07	2.1764941625632017e-05	0.9901846814412215	8.877783077227809e-06
V4	1:Ins:C:3	6.896108496292296e-05	0.00032836323922185107	0.014268113774092312	0.0003222246778244709	0.000600898542144324	0.9844114386817541
V4	1:Ins:C:4	0.0	0.12658903428524979	0.0015554804956326882	0.2967682262287902	0.00806193882825373	0.5670253201620736
V4	1:Ins:C:5	0.0	0.5701275934217147	0.001281717287313474	0.03445755886273577	0.003207658934960557	0.3909254714932756
V4	1:Ins:T:0	0.19002533130433727	0.0640693450051695	0.0004588813385489991	0.0700843899983908	0.5426702131241824	0.13269183922937094
V4	1:Ins:T:1	0.15883711758164068	5.657354162028391e-06	4.578455541797778e-08	4.049857119103471e-06	0.7877657758612291	0.053387353561293684
V4	1:Ins:T:2	0.20363514152618115	0.14028722485013656	0.0006163942066803278	0.1077905242068543	0.3198282668244796	0.22784244838566803
V4	1:Ins:T:3	0.004583844159638484	0.41281552200289223	1.2465583530549205e-08	6.027680296871938e-06	0.5825936845124463	9.091791426010965e-07
V4	1:Ins:T:4	0.010296487828063814	0.6064371153743167	0.0	0.03664653808104788	0.09098304877891233	0.25563680993765925
V4	1:Ins:T:5	0.0022828327960154786	0.9913089134252999	6.030357343831225e-08	0.0	0.005332747904044087	0.0010754455710670233
V4	2:Del:R:0	0.1273203831201425	0.044472619449440094	0.00039244682402329807	0.02020182847942508	0.807612722126969	0.0
V4	2:Del:R:1	0.04754482087919749	0.00396649276001833	5.9062432096050846e-05	0.01591018305911459	0.8331833846588987	0.09933605621067473
V4	2:Del:R:2	0.15657815571727987	0.0	0.0029595948719632666	6.109747990693742e-05	0.0	0.8404011519308499
V4	2:Del:R:3	0.026631445337255037	0.06753078569632598	1.6786004377399522e-07	0.5631008454314645	2.245812805050664e-05	0.34271429754686006
V4	2:Del:R:4	3.1548450678747173e-06	0.0137163257357038	0.020876457432748206	3.437291842914762e-05	9.391012239416586e-06	0.9653602980558116
V4	2:Del:R:5	0.01738464397984631	2.662621029297806e-05	2.632864129328955e-06	2.74413206662408e-05	0.8166722542878394	0.16588640133722576
V4	3:Del:R:0	0.024440426581661984	0.0035372476598253817	0.00015240862231205696	0.0049956367398843035	0.9668741602278204	1.201684960006949e-07
V4	3:Del:R:1	0.04074371719564833	0.30906226092802763	0.001766717032800326	0.0072672922275252	0.23099571756153495	0.4101642950544636
V4	3:Del:R:2	0.03095423908501063	0.0764214371353183	0.0011361667590828188	0.014514289509999036	0.6083284219495738	0.26864544556101544
V4	3:Del:R:3	0.031863383225980625	0.05178316595491039	0.0	0.6358379186450777	2.1105861384317484e-06	0.28051342158789294
V4	3:Del:R:4	0.03562726519016675	0.1137726798298642	0.007465132523270212	0.21236963566285375	0.4465951486191571	0.18417013817468786
V4	3:Del:R:5	0.03562726519016675	0.1137726798298642	0.007465132523270212	0.21236963566285375	0.4465951486191571	0.18417013817468786
V4	4:Del:R:0	0.04551488060679228	0.016520690246206126	0.0	0.005593166176913471	0.9323711769799042	8.59901838944174e-08
V4	4:Del:R:1	0.1204883715376352	0.022632126788292586	0.0032671744793288282	0.0446061255615756	0.7267971909839851	0.08220901064918268
V4	4:Del:R:2	0.838117175687706	0.0	1.7273454871762022e-06	0.023099648934734887	0.00030608824517401785	0.1384753597868979
V4	4:Del:R:3	6.680253118590971e-05	0.0002611206468106928	1.7762338105185658e-05	0.0005383986207702171	0.998737753765522	0.0003781620976059679
V4	4:Del:R:4	0.06761403623733674	0.07408259258528835	0.11207518768721304	3.778924040266302e-05	2.728340740386442e-05	0.7461631108423553
V4	4:Del:R:5	0.03562726519016675	0.1137726798298642	0.007465132523270212	0.21236963566285375	0.4465951486191571	0.18417013817468786
V4	5:Del:R:0	0.00011768865383082413	0.0026455498773449203	0.000260197475851079	0.00010137482620157499	0.9950084185047139	0.001866770662057672
V4	5:Del:R:1	0.0018273949877113274	5.225485511260857e-07	0.8939684937048578	0.03223493381674027	0.042786147421675774	0.029182507520463665
V4	5:Del:R:2	0.010979787911116578	0.00893774810874345	0.00030076303542743145	0.011992666568485263	0.7327269246949861	0.23506210968124125
V4	5:Del:R:3	0.011230975902312491	7.679914540566434e-06	0.0038930704901833065	0.3171991188442021	0.00011839419937600761	0.6675507606493855
V4	5:Del:R:4	0.06786007893679936	0.0	0.31713688590956707	0.5894659976364512	0.025537037517182344	0.0
V4	5:Del:R:5	0.03562726519016675	0.1137726798298642	0.007465132523270212	0.21236963566285375	0.4465951486191571	0.18417013817468786
V4	2:Ins:R:0	0.11682836699596903	0.0848294564666755	0.0	0.1172594668793495	0.681082709658006	0.0
V4	2:Ins:R:1	0.06281424954270375	0.02192915786783261	0.7146987184638716	7.5072386299769756e-06	0.2005491915622665	1.1753246955598071e-06
V4	2:Ins:R:2	0.11043383150120728	0.06333423240283222	0.0007176243526651479	0.1956887691131712	0.08135988241776802	0.548465660212356
V4	2:Ins:R:3	0.04265136105283103	0.19347663219155906	0.008905864894829783	0.0	0.612067694056665	0.1428984478041152
V4	2:Ins:R:4	0.004938380332597801	0.8153446063537865	0.0005783764092538127	0.0006113622687570269	0.0	0.17852727463560503
V4	2:Ins:R:5	1.27186637018475e-45	0.4090098861442988	0.0012965805115347996	0.04849057287984216	0.040374213609999154	0.5008287468543251
V4	3:Ins:R:0	0.016946848335927082	0.09840262431973126	1.8619064740312545e-07	4.790100408495334e-05	0.8846016830973015	7.570523079982241e-07
V4	3:Ins:R:1	0.18526729624601448	0.0	2.5401432779803538e-24	0.13643528286425566	0.626836789689748	0.051460631199981934
V4	3:Ins:R:2	0.007071012660468808	0.024353829567154116	0.8408306033252974	0.031474522218562076	0.07037860852517108	0.02589142370334654
V4	3:Ins:R:3	0.00027151422457760227	0.9633267350524333	0.030669948431221044	0.0013637724719332792	0.002954683417784375	0.0014133464020503394
V4	3:Ins:R:4	3.626549038593743e-07	0.03247544467197959	0.1855745840126768	0.41695655598661274	0.34868843180799136	0.01630462086583583
V4	3:Ins:R:5	0.002848923612086345	0.0383469289741136	0.0	0.22753923917708935	0.18507414978600764	0.5461907584507031
V4	4:Ins:R:0	0.01929928870945603	7.079603235699572e-05	4.7705482991960156e-06	0.00028039459229750266	0.980215008070584	0.0001297420470062829
V4	4:Ins:R:1	1.6446749765348554e-07	3.4479925838578346e-07	1.606117388433937e-08	0.9999980677042818	1.2121913205532185e-06	1.9477646763042915e-07
V4	4:Ins:R:2	4.203477570603439e-07	0.019768560931278507	3.2351221052336936e-07	0.6600003906793893	5.05851488247955e-06	0.3202252460144822
V4	4:Ins:R:3	0.001942325592903158	0.8287950675154767	6.626133288473268e-06	0.00020855996234268108	0.1689262928327125	0.00012112796327660705
V4	4:Ins:R:4	0.0002993340218413624	0.9912358261330856	6.265653979633846e-05	0.002497366136702082	0.004278044895553724	0.0016267722730209054
V4	4:Ins:R:5	0.06628106954463002	0.13805312975177933	0.0	0.18672870891317772	0.12495745496951083	0.48397963682090206
V4	5:Ins:R:0	0.22607477404619533	0.7722709081548754	1.4529030640091602e-06	0.0011350609229655736	0.00028250194578597563	0.00023530202711378667
V4	5:Ins:R:1	0.0013543270378711069	0.026511335001735036	0.001181201402173575	0.00660145957783522	0.9643515580847325	1.1889565251978775e-07
V4	5:Ins:R:2	0.0001324884488595067	0.9559798815486628	4.1837678130434306e-05	0.001071325653732538	0.042113205607374395	0.0006612610632404338
V4	5:Ins:R:3	4.704724719088794e-07	0.00032459416767222424	0.0037475389737446955	4.8860175886664963e-05	0.913598608732814	0.08227992747741054
V4	5:Ins:R:4	0.0007113513981098023	0.9809308883230167	0.00015039878909693118	0.0046531262604659895	0.009802505138576787	0.003751730090733656
V4	5:Ins:R:5	0.02380110192197974	0.020522972503759132	1.3649367469122127e-05	0.0003410920906292653	0.9550926111410096	0.00022857297515309564
V4	2:Del:M:1	0.046081627358597596	0.05423259794441287	0.0036053135672215937	0.0	0.896080461129768	0.0
V4	3:Del:M:1	0.041022723114901925	0.0	3.3836988478421633e-07	5.968450399733955e-06	0.9589567272409953	1.4242823818198926e-05
V4	3:Del:M:2	0.03800090768615114	0.027891432599375786	0.000614860334335637	0.07273953629043939	0.4676360639675665	0.39311719912213156
V4	4:Del:M:1	0.011250167329471806	0.007890968057394716	0.0	0.24844024106320842	0.7150491097610006	0.017369513788924425
V4	4:Del:M:2	0.1353120533493732	0.00249703548612446	0.0007995570927527786	3.6273702188655736e-06	0.8280223239347093	0.03336540276682121
V4	4:Del:M:3	0.27520250040233807	0.04306548528574288	0.0017764811942503904	0.10198912828215892	0.3347685542434246	0.24319785059208518
V4	5:Del:M:1	6.607165012658643e-05	6.451299873185401e-08	2.151651681603422e-08	2.8222316460669903e-07	0.9999334347978471	1.2529934603605068e-07
V4	5:Del:M:2	9.058320665590449e-07	0.0021568253691013426	1.3012172847363696e-05	0.0004876196063423207	0.9973414954791169	1.4154052559929305e-07
V4	5:Del:M:3	0.0016596369721869674	5.273629704902689e-07	0.00014284771017059145	1.878018366151965e-45	0.998193045156497	3.942798175007855e-06
V4	5:Del:M:4	0.0271314472075384	0.0	0.0	0.01897845995024722	0.9500446570346937	0.0038454358075207733
V4	5:Del:M:5	0.0001562453072204378	0.0145912182518775	0.00013136633713168021	0.03347329654554423	0.8778267366246677	0.07382113693355842
V5	1:Del:C:0	0.15168624822156482	0.0	3.979893430961811e-06	0.0	0.8483082075827827	1.5643022214454867e-06
V5	1:Del:C:1	0.05641425420252751	0.05970127766048441	2.6110852897867677e-05	0.003309004960350152	0.88054935232374	0.0
V5	1:Del:C:2	0.004710728927389694	0.00836910160831176	0.020744330906728947	2.934744020851991e-07	0.8822936450357544	0.08388190004741328
V5	1:Del:C:3	0.017783466631209766	0.1135194820514879	0.004272835289648287	0.0	0.7877488822075195	0.07667533382013465
V5	1:Del:C:4	0.06047642162702042	0.18212666780935782	0.009313672098309267	0.0	0.13191438572126069	0.6161688527440518
V5	1:Del:C:5	0.00020042433430756955	0.1310133320041683	0.0	0.02312551278028991	0.0926027047867426	0.7530580260944917
V5	1:Del:T:0	0.0485095111546882	0.018726501231985524	0.003118152883910703	0.005254193925669469	0.816394147709316	0.10799749309443017
V5	1:Del:T:1	0.07906168560129512	0.021969069918044145	0.017108699546568643	0.0007868589137094685	0.792278535795457	0.08879515022492554
V5	1:Del:T:2	0.01865946667505632	0.009398828748875668	0.001608580569312698	0.8672277774400184	0.08792826503815594	0.015177081528580959
V5	1:Del:T:3	0.11829149240674348	0.060371331336212704	0.019264794101500546	0.005402344602201351	0.018783382747362177	0.7778866548059797
V5	1:Del:T:4	0.06322506424018479	0.03185462209270738	0.0	0.0	0.0	0.9049203136671078
V5	1:Del:T:5	8.34082005021839e-06	1.0363730048292762e-07	0.0005432273337005204	5.14655169028166e-08	0.008015826580623267	0.9914324501628086
V5	1:Ins:C:0	0.002230884135213609	1.5370248979401e-05	0.027504761338808966	0.011758559904636237	0.9584844565878871	5.967784474567477e-06
V5	1:Ins:C:1	1.19483722693232e-08	0.03764449325673101	3.3429811156033003e-07	2.477428733539321e-06	0.8552796771202333	0.10707300594781824
V5	1:Ins:C:2	0.0011120436212581394	2.778486734012476e-06	8.728855459263504e-07	6.771461408258648e-06	0.9988685020094502	9.031535603586277e-06
V5	1:Ins:C:3	7.085385674823812e-06	0.00038754964866624073	0.09382227231123308	9.06082933074394e-05	0.0005478699953177754	0.9051446143658007
V5	1:Ins:C:4	0.0	0.19358101869596295	0.013252500247468848	0.10812358099048557	0.009523788287819947	0.6755191117782627
V5	1:Ins:C:5	0.0	0.6387921067419635	0.00800103719404065	0.009198315946254764	0.0027763819637312945	0.34123215815400976
V5	1:Ins:T:0	0.0265759014251974	0.10292957912034031	0.004107304266582268	0.0268254827471798	0.6734873559562948	0.1660743764844055
V5	1:Ins:T:1	0.020824866409605666	8.52034148446083e-06	3.8417509044509355e-07	1.4531808658701867e-06	0.9165249515948329	0.06263982429812065
V5	1:Ins:T:2	0.02898006671747136	0.22933914299666086	0.005614165052253388	0.04198333949526608	0.4039061403889471	0.29017714534940126
V5	1:Ins:T:3	0.00046223938830209944	0.47819665195543043	8.045067509721594e-08	1.6635545938043674e-06	0.5213385441700892	8.204809094472041e-07
V5	1:Ins:T:4	0.0010122426565721456	0.6848488086884993	0.0	0.009860029654873311	0.07937303134795867	0.2249058876520966
V5	1:Ins:T:5	0.0001994336649204881	0.9948252167555015	3.3716880688508543e-07	0.0	0.004134208518801814	0.000840803891969298
V5	2:Del:R:0	0.016146537298102958	0.06478695680264937	0.0031852406981891343	0.00701167673898109	0.9088695884620774	0.0
V5	2:Del:R:1	0.005644619936687234	0.005409430715227237	0.0004487689391911499	0.005169593671622233	0.8777868030869236	0.10554078365034861
V5	2:Del:R:2	0.019903064499180837	0.0	0.024076924849002153	2.1255034634549734e-05	0.0	0.9559987556171826
V5	2:Del:R:3	0.004921995957840098	0.14337113562651704	1.9855179684931073e-06	0.2848278408801635	3.6832994334642085e-05	0.5668402090231762
V5	2:Del:R:4	3.1134387299758834e-07	0.015549394587397234	0.13185574764893992	9.283856895218692e-06	8.224161890710477e-06	0.852577038401004
V5	2:Del:R:5	0.0019869106394057377	3.495709210546111e-05	1.9258433387029823e-05	8.583556804874623e-06	0.8282802234589024	0.16967006681939453
V5	3:Del:R:0	0.002819454922333734	0.004687434893065944	0.0011252418730366984	0.0015772370389961821	0.9897905072133862	1.2405918113540775e-07
V5	3:Del:R:1	0.0043140500297953206	0.3759100293030954	0.011972132056806936	0.0021059443726556036	0.21704281521915397	0.3886550290184927
V5	3:Del:R:2	0.0035080857094387185	0.09948982576428253	0.008240852021864125	0.004501897337428173	0.6117938787765818	0.2724654603904047
V5	3:Del:R:3	0.006533036531086417	0.12196218766851653	0.0	0.35679549830250085	3.8401062257548655e-06	0.5147054373916704
V5	3:Del:R:4	0.004446308176550024	0.16310544852565456	0.059625848192525616	0.07253694135634019	0.49459307576867223	0.2056923779802574
V5	3:Del:R:5	0.004446308176550024	0.16310544852565456	0.059625848192525616	0.07253694135634019	0.49459307576867223	0.2056923779802574
