Sample Names	MutationType	ID83A	ID83B	ID83C	ID83D	ID83E	ID83F
V1	1:Del:C:0	0.0	0.22380724275095712	0.12543174831644968	0.28948733934291715	0.361273669589676	0.0
V1	1:Del:C:1	0.0	0.6494680758866381	0.05700075839464074	5.174005962740627e-06	0.2935259917127584	0.0
V1	1:Del:C:2	0.0	0.36613088883827494	0.541436217550858	0.06150352531171737	0.03092936829914958	0.0
V1	1:Del:C:3	0.0	0.00828548784935012	0.18540875787194436	0.15768419003186113	0.6486215642468444	0.0
V1	1:Del:C:4	0.0	0.0	0.052007399554786206	0.33305449330077475	0.6149381071444392	0.0
V1	1:Del:C:5	0.0	0.004749594769994584	0.2974483708029407	0.04217269775395446	0.6556293366731103	0.0
V1	1:Del:T:0	0.0	0.005366897703905219	0.36608790481932024	0.06302660847697553	0.5655185889997989	0.0
V1	1:Del:T:1	0.0	0.042484291640888114	0.9312602934871315	0.02625541487198045	0.0	0.0
V1	1:Del:T:2	0.0	0.7933287415428605	0.03829791714283348	0.004577284889770079	0.16379605642453593	0.0
V1	1:Del:T:3	0.0	0.13810616106560702	0.4834140044734332	0.11070442621185932	0.26777540824910057	0.0
V1	1:Del:T:4	0.0	0.01284242596677666	0.0	0.005926591008798624	0.9812309830244247	0.0
V1	1:Del:T:5	0.0	2.2058641807572778e-07	7.495772864970883e-08	6.434854670657892e-08	0.9999996401073065	0.0
V1	1:Ins:C:0	0.0	5.7585730647025546e-05	0.06845757657711937	1.2362397374100776e-06	0.9314836014524962	0.0
V1	1:Ins:C:1	0.0	0.5989529495796335	0.27158306912790736	0.1293479326059316	0.0001160486865275022	0.0
V1	1:Ins:C:2	0.0	4.139874992751906e-05	0.42727494596943233	0.0	0.5726836552806401	0.0
V1	1:Ins:C:3	0.0	0.9999985879735068	7.797048003384007e-07	1.0100300160941987e-07	5.313186911381201e-07	0.0
V1	1:Ins:C:4	0.0	0.14300827993294576	0.39893289959324457	0.013268441413567027	0.44479037906024266	0.0
V1	1:Ins:C:5	0.0	0.0	0.8515692996703358	0.013894376576427699	0.13453632375323657	0.0
V1	1:Ins:T:0	0.0	0.11359180022091919	0.4005146617470758	6.569620630739583e-45	0.48589353803200497	0.0
V1	1:Ins:T:1	0.0	0.0	0.052583092512562636	0.823125124130008	0.12429178335742931	0.0
V1	1:Ins:T:2	0.0	0.6133111780100665	0.3839053353443094	0.0027834866456240294	0.0	0.0
V1	1:Ins:T:3	0.0	0.007811873030147755	0.4032150492664237	0.1676594122347434	0.4213136654686852	0.0
V1	1:Ins:T:4	0.0	0.01411878077212016	0.7656017347323929	0.0	0.2202794844954868	0.0
V1	1:Ins:T:5	0.0	3.828089596172887e-07	0.9999994280265343	1.2509459177296274e-07	6.406991416629235e-08	0.0
V1	2:Del:R:0	0.0	0.7174174243484561	0.015954306556219055	0.09590236651797264	0.1707259025773521	0.0
V1	2:Del:R:1	0.0	0.5532992068458836	0.10430826195555312	0.10844347492603766	0.23394905627252563	0.0
V1	2:Del:R:2	0.0	0.0	0.14247730158513847	2.9243911882397664e-06	0.8575197740236733	0.0
V1	2:Del:R:3	0.0	0.027520475523061246	0.0675373049787364	9.510081539344632e-07	0.9049412684900484	0.0
V1	2:Del:R:4	0.0	6.585895462143599e-06	3.8284386119324036e-05	0.10185073127441667	0.8981043984440018	0.0
V1	2:Del:R:5	0.0	0.15421386791103014	0.3755860860987694	0.07793530320045303	0.39226474278974727	0.0
V1	3:Del:R:0	0.0	0.05253333794793712	0.0847057736414623	0.6014802168275695	0.2612806715830312	0.0
V1	3:Del:R:1	0.0	0.0	0.3895379009019706	0.00026491199000231895	0.6101971871080271	0.0
V1	3:Del:R:2	0.0	0.010026565105645003	0.4019851163181271	0.0524266368266314	0.5355616817495964	0.0
V1	3:Del:R:3	0.0	0.16470378609077238	0.22572259731313263	1.5142702271358613e-06	0.6095721023258678	0.0
V1	3:Del:R:4	0.0	0.179776118999086	0.3100910129325267	0.09834683943686598	0.4117860286315213	0.0
V1	3:Del:R:5	0.0	0.0005751599210537008	0.0016815439974233863	0.0003204189944193366	0.9974228770871035	0.0
V1	4:Del:R:0	0.0	0.9999136318884174	0.0	8.636811158252849e-05	0.0	0.0
V1	4:Del:R:1	0.0	0.26765091560155196	0.732349084398448	0.0	0.0	0.0
V1	4:Del:R:2	0.0	0.32635397193975785	1.6727657990367678e-05	0.031250750330356326	0.6423785500718954	0.0
V1	4:Del:R:3	0.0	0.179776118999086	0.3100910129325267	0.09834683943686598	0.4117860286315213	0.0
V1	4:Del:R:4	0.0	0.179776118999086	0.3100910129325267	0.09834683943686598	0.4117860286315213	0.0
V1	4:Del:R:5	0.0	0.9730733793379978	0.017554871891961598	0.0019311010121544864	0.007440647757886124	0.0
V1	5:Del:R:0	0.0	0.12086105401030929	0.07264155266391412	0.8064973933257765	0.0	0.0
V1	5:Del:R:1	0.0	0.04725538469906202	0.0001388375772734852	0.0067843492049689605	0.9458214285186954	0.0
V1	5:Del:R:2	0.0	9.937552905995414e-06	1.985313659379636e-05	2.4376042106787683e-05	0.9999458332683934	0.0
V1	5:Del:R:3	0.0	0.179776118999086	0.3100910129325267	0.09834683943686598	0.4117860286315213	0.0
V1	5:Del:R:4	0.0	0.179776118999086	0.3100910129325267	0.09834683943686598	0.4117860286315213	0.0
V1	5:Del:R:5	0.0	0.179776118999086	0.3100910129325267	0.09834683943686598	0.4117860286315213	0.0
V1	2:Ins:R:0	0.0	0.9905684909941213	0.0034569564533353655	0.0006463578388601364	0.005328194713683235	0.0
V1	2:Ins:R:1	0.0	0.2605838907301475	0.40793655569085163	0.014157263641966976	0.31732228993703393	0.0
V1	2:Ins:R:2	0.0	0.12420721411120869	3.0176308444931834e-05	2.3304686342565403e-06	0.8757602791117121	0.0
V1	2:Ins:R:3	0.0	0.022737593446389658	0.523360026247426	0.017051786744466293	0.43685059356171807	0.0
V1	2:Ins:R:4	0.0	0.0050366707913539095	0.5980757831421911	8.656522255340243e-45	0.396887546066455	0.0
V1	2:Ins:R:5	0.0	0.0	0.43619816067885164	0.011310152398881886	0.5524916869222665	0.0
V1	3:Ins:R:0	0.0	0.1253658835179874	0.40976887879550394	0.075971097711975	0.3888941399745336	0.0
V1	3:Ins:R:1	0.0	0.01789597182222759	2.070773423143117e-06	0.03145435520392656	0.9506476022004227	0.0
V1	3:Ins:R:2	0.0	3.247507716573901e-05	2.3773024181109714e-08	0.9999667113123699	7.898374402089241e-07	0.0
V1	3:Ins:R:3	0.0	0.0002638619163453859	0.0008232374607307361	0.00015335509570319343	0.9987595455272207	0.0
V1	3:Ins:R:4	0.0	0.179776118999086	0.3100910129325267	0.09834683943686598	0.4117860286315213	0.0
V1	3:Ins:R:5	0.0	0.0	0.38561647827633944	0.008030963062755251	0.6063525586609054	0.0
V1	4:Ins:R:0	0.0	4.748504808877924e-05	0.00036106778848071753	3.412815449459808e-05	0.999557319008936	0.0
V1	4:Ins:R:1	0.0	0.024459132279466177	0.38959061119639243	0.020863395785976502	0.5650868607381648	0.0
V1	4:Ins:R:2	0.0	0.9965140263642899	0.0013075460833580814	0.0003745195247618492	0.001803908027590088	0.0
V1	4:Ins:R:3	0.0	0.6018086372977225	6.18087898007869e-06	0.0656333953238522	0.3325517864994453	0.0
V1	4:Ins:R:4	0.0	0.8037829228576335	0.19512266559243444	7.989474929209203e-05	0.0010145168006399467	0.0
V1	4:Ins:R:5	0.0	0.06045395267061564	0.3234603185339275	0.005201857772101489	0.6108838710233553	0.0
V1	5:Ins:R:0	0.0	6.828985074952527e-06	0.18524498521781557	0.14099915606072266	0.6737490297363868	0.0
V1	5:Ins:R:1	0.0	0.0009160481907093224	0.7812904483603224	0.1736442412181688	0.044149262230799534	0.0
V1	5:Ins:R:2	0.0	5.1145847537730846e-05	0.9356530866178967	0.06429321008040305	2.5574541625095153e-06	0.0
V1	5:Ins:R:3	0.0	6.047663251007519e-05	0.948813517921599	0.051033272101713545	9.273334417739634e-05	0.0
V1	5:Ins:R:4	0.0	0.0001380371236638126	0.5140068671217267	0.48385809108877637	0.001997004665833138	0.0
V1	5:Ins:R:5	0.0	0.03698757591185901	0.9626693047658079	3.191673607117934e-05	0.00031120258626177394	0.0
V1	2:Del:M:1	0.0	0.42515367840518664	0.26279262837782313	0.15738696816394673	0.15466672505304357	0.0
V1	3:Del:M:1	0.0	5.169890840502962e-05	0.0	0.9998463194835929	0.0001019816080019502	0.0
V1	3:Del:M:2	0.0	0.7601366643724697	0.14306180423915352	0.01901448676037329	0.07778704462800341	0.0
V1	4:Del:M:1	0.0	0.18493629240223736	0.0	2.1612048100839825e-06	0.8150615463929526	0.0
V1	4:Del:M:2	0.0	0.10042638689853878	0.545455720643963	0.05203027054524948	0.3020876219122488	0.0
V1	4:Del:M:3	0.0	0.0	0.0726570407351427	0.9040161573458038	0.023326801919053484	0.0
V1	5:Del:M:1	0.0	0.3148396641874173	0.23669281802071945	0.44748670656729833	0.0009808112245649923	0.0
V1	5:Del:M:2	0.0	0.0001136065888511203	0.00013733879533099185	0.4256652971124435	0.5740837575033744	0.0
V1	5:Del:M:3	0.0	0.3863062399007563	0.0	0.13734698145613566	0.47634677864310804	0.0
V1	5:Del:M:4	0.0	0.0	0.04310145419479338	0.08071382935411209	0.8761847164510945	0.0
V1	5:Del:M:5	0.0	0.04557508445345954	0.15770056479374697	0.009417842488919621	0.7873065082638739	0.0
V2	1:Del:C:0	0.8319975881754552	0.0173151279713537	0.0014713144822622415	0.09196651377486986	0.02947348419611115	0.027775971399947783
V2	1:Del:C:1	0.8256966110543367	0.054470827408508234	0.0007248251649289959	1.7818931932446265e-06	0.025959500241969018	0.0931464542370638
V2	1:Del:C:2	0.18267596855390963	0.13501145819011656	0.030271087704258563	0.09312855147362316	0.012026767288458135	0.5468861667896341
V2	1:Del:C:3	0.3775480875360862	0.002669061011336571	0.009055597820784684	0.2085821541929514	0.22033089544292997	0.1818142039959113
V2	1:Del:C:4	0.08795581955150358	0.0	0.003482132029981317	0.6039451626971354	0.2863575486820338	0.018259337039345975
V2	1:Del:C:5	0.006567189853942586	0.004887525423714343	0.046407752004336854	0.17820194318282556	0.7114337264836138	0.05250186305156683
V2	1:Del:T:0	0.6031461576968964	0.001001232966410345	0.010354846587812584	0.048281898798476636	0.11125058617061004	0.22596527777979392
V2	1:Del:T:1	0.8537119837886958	0.009198836282135154	0.03057187389570407	0.023343822559755523	0.0	0.08317348347370944
V2	1:Del:T:2	0.3354362543715279	0.5217737339498747	0.003819008674807937	0.012361909170910682	0.11359940727975686	0.013009686553122062
V2	1:Del:T:3	0.6492438931354295	0.05107983657968222	0.02710829098948202	0.16813185762036015	0.10443612167504612	2.7066700532376717e-36
V2	1:Del:T:4	0.36390659201718384	0.007615379320536328	0.0	0.014431052531586308	0.6135632257856267	0.0004837503450667899
V2	1:Del:T:5	3.124679933594816e-07	2.091869074183419e-07	1.0777514463959553e-08	2.5057806662206246e-07	0.9999980985340674	1.1184554507121554e-06
V2	1:Ins:C:0	0.030650039590421164	8.120176224027524e-06	0.001463587053195611	7.158167432002488e-07	0.1385062548116496	0.8293712825517663
V2	1:Ins:C:1	4.7152510040217744e-07	0.15709938031392423	0.01080017819860077	0.13931241984003764	3.209708504740831e-05	0.6927554530372895
V2	1:Ins:C:2	0.16783762590575982	9.472645486045682e-06	0.014823062848337206	0.0	0.1381791270383938	0.6791507115620231
V2	1:Ins:C:3	0.003833378415039521	0.9961648945941791	1.1776290745841467e-07	4.13156611330844e-07	5.581237966928093e-07	6.37947465908355e-07
V2	1:Ins:C:4	1.3574821294629508e-05	0.19150533949370904	0.08099645720226224	0.07296056620923481	0.6280853861529717	0.02643867612052761
V2	1:Ins:C:5	0.038908675563224214	0.0	0.37793639877822477	0.16700901116658523	0.4152746444115952	0.0008712700803705253
V2	1:Ins:T:0	0.415812669193615	0.0697757861088275	0.037301185959038426	1.6570920259104188e-44	0.31473314296234906	0.16237721577616998
V2	1:Ins:T:1	0.052399164094335995	0.0	0.0020109157264216553	0.8525418735632028	0.03305881636254086	0.05998923025349863
V2	1:Ins:T:2	0.21226814378304112	0.7074114304423818	0.06713698067028881	0.013183445104288474	0.0	0.0
V2	1:Ins:T:3	0.0057466376053968565	0.005977273592748427	0.04677686989139042	0.5267741785871901	0.33993595672565813	0.07478908359761609
V2	1:Ins:T:4	0.04388357005950261	0.03585669665788257	0.29479659059485314	0.0	0.5899167579124783	0.035546384775283345
V2	1:Ins:T:5	2.651734153391728e-07	2.5214939763754902e-06	0.9986701245976958	3.383474873135419e-06	4.4501390676769684e-07	0.0013232602461325058
V2	2:Del:R:0	0.5851492338095233	0.13170275619792216	0.0004440658145239222	0.07229376576456807	0.033049581183357234	0.1773605972301053
V2	2:Del:R:1	0.029492894636802228	0.29104341312014	0.008318842491573348	0.23423389107009224	0.1297665099270186	0.3071444487543737
V2	2:Del:R:2	0.11106933424828408	0.0	0.020272722954865954	1.1269482814781382e-05	0.8486090946994772	0.020037578614557912
V2	2:Del:R:3	0.005159370470439489	0.027582876024432306	0.010262987630630499	3.913960464945502e-06	0.9564177055634177	0.0005731463506149239
V2	2:Del:R:4	1.8273745966232405e-06	4.292019503036997e-06	3.7828141672602134e-06	0.27255840911051954	0.6171877205827037	0.11024396809850982
V2	2:Del:R:5	0.00010868240032607211	0.00045265266131997437	0.00016714662371464923	0.0009393435500075019	0.0012141281337725328	0.9971180466308593
V2	3:Del:R:0	0.00552627407177507	0.018148255189365074	0.004436692806373764	0.8532372527549408	0.09518110976829085	0.023470415409254455
V2	3:Del:R:1	0.201903347648998	0.0	0.06488327398791176	0.001195051899275245	0.7068876140149395	0.025130712448875457
V2	3:Del:R:2	0.048842639827070475	0.010892020227596262	0.06620834008542122	0.23386048168318826	0.6134926405845417	0.02670387759218221
V2	3:Del:R:3	0.06522227256123993	0.18291045736288222	0.03800637572347714	6.9053694159892656e-06	0.7138445294933403	9.45948964436063e-06
V2	3:Del:R:4	0.05421051732092377	0.13569235657826037	0.03548616187455867	0.30481221870653746	0.3277468991172484	0.14205184640247126
V2	3:Del:R:5	0.00022311883200733191	0.0005447366943039869	0.0002414641808418708	0.0012461342964641933	0.9961412861867024	0.0016032598096802082
V2	4:Del:R:0	0.2508220608797419	0.030368912122233457	0.0	1.0771315574470946e-05	0.0	0.7187982556824501
V2	4:Del:R:1	0.5200447795432658	0.15305497401745233	0.06349555488596602	0.0	0.0	0.2634046915533159
V2	4:Del:R:2	0.08705652745534076	0.2631851189589912	2.0452859394126512e-06	0.1034859656392772	0.5462696312434935	7.114169579004809e-07
V2	4:Del:R:3	0.05421051732092377	0.13569235657826037	0.03548616187455867	0.30481221870653746	0.3277468991172484	0.14205184640247126
V2	4:Del:R:4	0.05421051732092377	0.13569235657826037	0.03548616187455867	0.30481221870653746	0.3277468991172484	0.14205184640247126
V2	4:Del:R:5	0.00019800755739623387	0.9810836917631979	0.0026835185077408934	0.007994918423767025	0.007910698090603139	0.00012916565729499771
V2	5:Del:R:0	0.0003005839402402349	0.007637021427745282	0.0006959358603167489	0.2092614258213195	0.0	0.7821050329503784
V2	5:Del:R:1	0.061380092213374725	0.041356625304081344	1.8422445568923338e-05	0.02438094665553361	0.8728639133814413	0.0
V2	5:Del:R:2	0.09840045597758765	6.656228113107423e-06	2.016156959394333e-06	6.704409224694847e-05	0.7062668430401681	0.19525698450492476
V2	5:Del:R:3	0.05421051732092377	0.13569235657826037	0.03548616187455867	0.30481221870653746	0.3277468991172484	0.14205184640247126
V2	5:Del:R:4	0.05421051732092377	0.13569235657826037	0.03548616187455867	0.30481221870653746	0.3277468991172484	0.14205184640247126
V2	5:Del:R:5	0.05421051732092377	0.13569235657826037	0.03548616187455867	0.30481221870653746	0.3277468991172484	0.14205184640247126
V2	2:Ins:R:0	3.9532797338924e-07	0.9888765580866172	0.0005232363971621893	0.0026495930312446414	0.005608946006714753	0.0023412711502877304
V2	2:Ins:R:1	0.47179271497454506	0.13319519271806007	0.03161404567671197	0.029714531440197284	0.1710350684273045	0.16264844676318105
V2	2:Ins:R:2	0.060693050706403545	0.11135650523235469	4.101864853613276e-06	8.57947304710804e-06	0.827937616863794	1.4585954705456441e-07
V2	2:Ins:R:3	0.022333687630864827	0.03513129857412859	0.12260176433753232	0.10818528138982171	0.7117479680676526	0.0
V2	2:Ins:R:4	0.06292363253515738	0.00917827892928624	0.16524197211320585	6.477534230970172e-44	0.7626561164223505	0.0
V2	2:Ins:R:5	0.003992583805624042	0.0	0.09197762244373982	0.06459054083539006	0.8102540888778823	0.02918516403736369
V2	3:Ins:R:0	1.9152177571349987e-06	0.13783380768405504	0.0683064672880134	0.3429836122263507	0.4508700494275824	4.1481562411708655e-06
V2	3:Ins:R:1	0.06498535796403407	0.01079750207982541	1.8942925747324996e-07	0.07792869008491535	0.604826993964728	0.24146126647723967
V2	3:Ins:R:2	5.6465467722347695e-08	7.908832676524243e-06	8.777949807577122e-10	0.9999915235296738	2.028352874815423e-07	3.0745909943825526e-07
V2	3:Ins:R:3	0.0001209711921843278	0.000250210322220584	0.00011835867635876947	0.0005971388144357588	0.998695407196139	0.00021791379866158129
V2	3:Ins:R:4	0.05421051732092377	0.13569235657826037	0.03548616187455867	0.30481221870653746	0.3277468991172484	0.14205184640247126
V2	3:Ins:R:5	0.009114279975476957	0.0	0.07482908465655028	0.042207010471989895	0.8183464402360395	0.05550318465994346
V2	4:Ins:R:0	0.01805181260138496	2.570800212597462e-05	2.9637847309424535e-05	7.587047959858466e-05	0.5706407058012442	0.41117626526833684
V2	4:Ins:R:1	0.03090596632646914	0.026390768558328177	0.06373323156836704	0.09243672908021877	0.6429390455884879	0.1435942588781289
V2	4:Ins:R:2	0.00023429494958920042	0.9954879040501	0.00019804142421375859	0.0015362985310616627	0.0019002492172121113	0.0006432118278232356
V2	4:Ins:R:3	0.06269417790227233	0.3897672325503376	6.069370012460317e-07	0.17455020403853336	0.22711707892045657	0.14587069965139893
V2	4:Ins:R:4	0.1801020211523509	0.7893551239029925	0.029052789877055365	0.00032218140865178027	0.0010505978327690708	0.00011728582618039764
V2	4:Ins:R:5	1.00254715890496e-05	0.07697629923510858	0.06244530646798168	0.027198150967058275	0.8202279884744708	0.01314222938379166
V2	5:Ins:R:0	0.3378382662118159	2.8983334270598353e-06	0.011920242962347491	0.24572948790844423	0.3015323653657464	0.10297673921821897
V2	5:Ins:R:1	0.09456517785241265	5.327106976864288e-05	0.006888617603460435	0.04146503745547393	0.002707323463374017	0.8543205725555104
V2	5:Ins:R:2	3.5033537617792835e-05	0.0001259875923247314	0.3494449082081268	0.6503259546096938	6.643070401062906e-06	6.147298183575073e-05
V2	5:Ins:R:3	0.00012121046076221552	0.0001709878677906885	0.40672889330456424	0.5924881808317426	0.0002764758599269504	0.00021425167521330272
V2	5:Ins:R:4	8.634316555883718e-05	6.676853306680213e-05	0.0376956572627549	0.9610423400856897	0.0010185881344830312	9.030281844690768e-05
V2	5:Ins:R:5	0.00012633989688590528	0.2016089822043078	0.7955685331673115	0.0007143664670660543	0.0017887135827830494	0.00019306468164580228
V2	2:Del:M:1	0.2883326212612883	0.14111451424354826	0.013224686578324577	0.21450780251997614	0.054133515749431226	0.28868685964743146
V2	3:Del:M:1	0.16989529220081342	7.14501436513177e-07	0.0	0.05674185969113469	1.4862339857149619e-06	0.7733606473726298
V2	3:Del:M:2	1.0191516044234327e-07	0.7859471051815288	0.022427031918130152	0.0807299764127864	0.08481106350770504	0.02608472106468929
V2	4:Del:M:1	0.12791714149871536	0.019212200403368088	0.0	9.219332263934284e-07	0.08928715093425654	0.7635825852304337
V2	4:Del:M:2	0.5527282374574923	0.051795262330400084	0.0426528607807546	0.11019118748428325	0.1642928747793544	0.07833957716771524
V2	4:Del:M:3	0.024012954343623865	0.0	0.0028687762858788783	0.966712389010025	0.0064057695793632964	1.1078110906047665e-07
V2	5:Del:M:1	0.0005100295617749306	0.0025122068125116134	0.00028635020220316534	0.014662049016243702	8.252679428611847e-06	0.9820211117278379
V2	5:Del:M:2	0.0016564056430137459	7.798286963227819e-07	1.429339486221281e-07	0.011998101123663384	0.004155416421846424	0.9821891540488316
V2	5:Del:M:3	0.028947796667990234	0.010796619134955847	0.0	0.015762451289776443	0.014038570597603682	0.9304545623096737
V2	5:Del:M:4	0.013298848018497835	0.0	0.001616608098472129	0.08199037906572364	0.22856284581970562	0.6745313189976008
V2	5:Del:M:5	0.0	0.018361954746857877	0.00963321259204871	0.01558086029800398	0.33448671385445344	0.6219372585086359
V3	1:Del:C:0	0.9360189316814004	0.0030257167392195093	0.002608844838261554	0.010436441379056452	0.002539766468510655	0.045370298893551465
V3	1:Del:C:1	0.8490204734479253	0.008699646982571379	0.0011746570751415286	1.848159626121258e-07	0.002044531137892389	0.13906050654050678
V3	1:Del:C:2	0.17303757377034257	0.019864133400820185	0.045192586675519765	0.008898196564178793	0.0008725848068169141	0.7521349247823218
V3	1:Del:C:3	0.5439164614002479	0.0005972531187439896	0.020561615291869565	0.030310787885362192	0.024312805084125186	0.3803010772196512
V3	1:Del:C:4	0.43368989214116216	0.0	0.02706076872378453	0.30038094324060727	0.10814914680014935	0.1307192490942967
V3	1:Del:C:5	0.02865712066124546	0.0033126992315768438	0.3191711931745768	0.07843782902666831	0.2377864871817974	0.33263467072413516
V3	1:Del:T:0	0.6275617288030264	0.00016181136545938133	0.01698078366401057	0.005067320522002798	0.008866167545230114	0.34136218810027075
V3	1:Del:T:1	0.8317213966341878	0.0013920004726762874	0.046942771937241216	0.002294027494274105	0.0	0.1176498034616207
V3	1:Del:T:2	0.7432064643267852	0.1795649993841594	0.013336144677587262	0.0027627728258501315	0.01927859077836457	0.04185102800725346
V3	1:Del:T:3	0.8956798901994875	0.010945470788593372	0.05894232516977494	0.023396727153864875	0.011035586688279383	5.421507798057246e-36
V3	1:Del:T:4	0.878485235086361	0.0028554600015269667	0.0	0.003514007631645086	0.1134497666093229	0.0016955306711440015
V3	1:Del:T:5	4.0793899386404755e-06	4.2419366492130296e-07	2.217626850316826e-07	3.2998400171011426e-07	0.999973744067812	2.1200601897638468e-05
V3	1:Ins:C:0	0.02456444849699654	1.010837696829939e-06	0.0018487352084317324	5.786793428869686e-08	0.008502469942271735	0.9650832776466687
V3	1:Ins:C:1	4.442911333362259e-07	0.022992029009858014	0.016038875863050302	0.01324075698401342	2.3164779135252934e-06	0.9477255773740315
V3	1:Ins:C:2	0.14129514452784395	1.2386516664079792e-06	0.019667811403299283	0.0	0.008910049068958774	0.8301257563482316
V3	1:Ins:C:3	0.02417568243169878	0.9758167731318316	1.1705386101570936e-06	2.628281660726891e-07	2.696046198482008e-07	5.841465073547999e-06
V3	1:Ins:C:4	5.402468368028375e-05	0.11838017997087022	0.5080474896256439	0.029289128959665782	0.19145933281988273	0.15276984394025697
V3	1:Ins:C:5	0.056843444698298905	0.0	0.8702275650733696	0.024611268241347465	0.046469617338143254	0.001848104648840663
V3	1:Ins:T:0	0.5579097129556371	0.014541557996467495	0.07888038466080556	2.2427092854916746e-45	0.032345094503502585	0.31632324988358734
V3	1:Ins:T:1	0.22664469428479636	0.0	0.013708667513466988	0.37196070808701553	0.010952373322584228	0.3767335567921369
V3	1:Ins:T:2	0.4944632777053381	0.25595362870689087	0.24648540122344273	0.00309769236432841	0.0	0.0
V3	1:Ins:T:3	0.021429935269298643	0.003462184282606163	0.27492762534334964	0.1981489047521934	0.09709657125785968	0.40493477909469255
V3	1:Ins:T:4	0.07183748939393172	0.009117157734940295	0.7605921274277249	0.0	0.07396728343136215	0.08448594201204093
V3	1:Ins:T:5	1.6826650592556302e-07	2.4852244996800407e-07	0.9987802072674579	2.1656626118848707e-07	2.1629227978253274e-08	0.0012191377480968736
V3	2:Del:R:0	0.6697821316897409	0.023415410571446416	0.0008011142053914657	0.008346951943934424	0.002897561201532299	0.2947568303879545
V3	2:Del:R:1	0.051986069538254256	0.07968330809029683	0.02311067660743542	0.0416465917704728	0.017519913166018666	0.7860534408275219
V3	2:Del:R:2	0.4684218092815371	0.0	0.1347519934995423	4.794099826472108e-06	0.2741260834710586	0.12269531964803561
V3	2:Del:R:3	0.05174465440582934	0.04296831481637283	0.16222685819978655	3.959545705470731e-06	0.734710294767869	0.0083459182644368
V3	2:Del:R:4	7.781390262238523e-06	2.8387771283149106e-06	2.5387784058738744e-05	0.11707100549689148	0.20130132412430593	0.6815916624273534
V3	2:Del:R:5	7.503844489758531e-05	4.8543342692377635e-05	0.00018188730449924989	6.541979969923488e-05	6.420795930045804e-05	0.9995649031489111
V3	3:Del:R:0	0.03870732582628227	0.0197440218451296	0.04897791385035391	0.6028242384407965	0.05106357932424126	0.23868292071319644
V3	3:Del:R:1	0.5112550288001337	0.0	0.2589446866399166	0.0003052396791285656	0.13710212494079083	0.09239291994003031
V3	3:Del:R:2	0.18484477544459782	0.0064026017282858925	0.39491254150507593	0.08927400946522886	0.17783496329829115	0.14673110855852037
V3	3:Del:R:3	0.31322923103108224	0.13644099876807306	0.2876755748365963	3.3451332576946206e-06	0.2625848912584327	6.595897255813676e-05
V3	3:Del:R:4	0.1378305765955912	0.053586748138109326	0.14220053340550065	0.07817259740502326	0.06382640057801299	0.5243831438777626
V3	3:Del:R:5	0.0028086067701598295	0.0010650778144779005	0.004790574533248053	0.0015822667739348744	0.9604513950969175	0.029302079011261792
V3	4:Del:R:0	0.1930631835967335	0.0036308053207483927	0.0	8.363010272786681e-07	0.0	0.8033051747814909
V3	4:Del:R:1	0.5067020489597397	0.023163243049596657	0.0975069152234229	0.0	0.0	0.3726277927672408
V3	4:Del:R:2	0.48305717206620225	0.22682897029518925	1.7886748573844155e-05	0.05792136659675984	0.2321688728865822	5.7314066927437415e-06
V3	4:Del:R:3	0.1378305765955912	0.053586748138109326	0.14220053340550065	0.07817259740502326	0.06382640057801299	0.5243831438777626
V3	4:Del:R:4	0.1378305765955912	0.053586748138109326	0.14220053340550065	0.07817259740502326	0.06382640057801299	0.5243831438777626
V3	4:Del:R:5	0.0012499395147400284	0.9619517407540144	0.026698815927348296	0.005090745863318494	0.0038249149466105304	0.0011838429939683547
V3	5:Del:R:0	0.0002592943706460115	0.0010232725429944907	0.0009461864087223942	0.018208603708221863	0.0	0.9795626429694154
V3	5:Del:R:1	0.4475430363749025	0.046837354556404635	0.00021170675937607944	0.01793155615576654	0.48747634615355023	0.0
V3	5:Del:R:2	0.2256873062082984	2.371254761048951e-06	7.288103576576901e-06	1.5510674562246314e-05	0.12407337067650456	0.6502141530822971
V3	5:Del:R:3	0.1378305765955912	0.053586748138109326	0.14220053340550065	0.07817259740502326	0.06382640057801299	0.5243831438777626
V3	5:Del:R:4	0.1378305765955912	0.053586748138109326	0.14220053340550065	0.07817259740502326	0.06382640057801299	0.5243831438777626
V3	5:Del:R:5	0.1378305765955912	0.053586748138109326	0.14220053340550065	0.07817259740502326	0.06382640057801299	0.5243831438777626
V3	2:Ins:R:0	2.493899174846917e-06	0.968954589458013	0.005202348801132369	0.0016860120226306393	0.002710206269944403	0.021444349549104697
V3	2:Ins:R:1	0.593781313196268	0.02603777337321922	0.0627098189021597	0.003772283556609029	0.016487704751127544	0.2972111062206165
V3	2:Ins:R:2	0.42919073478330244	0.122311406409742	4.571649143625848e-05	6.119728193232437e-06	0.4484445250210568	1.4975662692266753e-06
V3	2:Ins:R:3	0.07796705050817297	0.019049556429560528	0.6745708380388562	0.03809596643894843	0.19031658858446196	0.0
V3	2:Ins:R:4	0.16420550097962014	0.003720276035334984	0.6796330034751117	1.7050761573786487e-44	0.15244121950993314	0.0
V3	2:Ins:R:5	0.015361521689480795	0.0	0.5577538176457346	0.025067398632028722	0.2387817713998854	0.1630354906328703
V3	3:Ins:R:0	9.662823048325315e-06	0.1080143900355884	0.5431601087169018	0.17454981210558088	0.1742356398110753	3.038650780514641e-05
V3	3:Ins:R:1	0.13784725764574948	0.00355750818772256	6.333005232796861e-07	0.0166740131673682	0.09826831782437655	0.7436522698742599
V3	3:Ins:R:2	5.597820075866108e-07	1.2178348274231953e-05	1.3715425123453398e-08	0.9999826686250792	1.540207586407466e-07	4.425508455295093e-06
V3	3:Ins:R:3	0.001566619932949901	0.0005032999721458335	0.0024158054788302216	0.0007800404743498059	0.9906368541978237	0.004097379943900575
V3	3:Ins:R:4	0.1378305765955912	0.053586748138109326	0.14220053340550065	0.07817259740502326	0.06382640057801299	0.5243831438777626
V3	3:Ins:R:5	0.03319406061609917	0.0	0.4295251766648272	0.01550539228979969	0.22828372784514314	0.2934916425841308
V3	4:Ins:R:0	0.027400659253789577	6.061059111940599e-06	7.090339437139833e-05	1.1616443215919985e-05	0.0663441576847253	0.9061666021647858
V3	4:Ins:R:1	0.07678308174713577	0.010183926275775407	0.2495567530502344	0.023164766666731507	0.12234683916726691	0.517964633092856
V3	4:Ins:R:2	0.0014980064573494117	0.9886139686577026	0.0019956619366993827	0.0009908011967557431	0.000930595742834675	0.005970966008658282
V3	4:Ins:R:3	0.16943019928165068	0.16360965621395177	2.585159831566541e-06	0.047582156318249476	0.047012478131829114	0.5723629248944875
V3	4:Ins:R:4	0.516375368832774	0.3515275447730488	0.13128495195314743	9.317674962640581e-05	0.00023071890028700023	0.00048823879111634463
V3	4:Ins:R:5	5.1403281371765774e-05	0.06130318763988921	0.504621800819419	0.014066484169271054	0.3221219787446454	0.09783514534540347
V3	5:Ins:R:0	0.6097926806887668	8.125717324979623e-07	0.033910847979467695	0.04473946558227359	0.04168761439415972	0.26986857878359977
V3	5:Ins:R:1	0.0700370028253056	6.128126531925935e-06	0.008040972204630471	0.0030976940369661365	0.00015358054232567325	0.9186646222642402
V3	5:Ins:R:2	5.6826682854267496e-05	3.174213141210887e-05	0.8933614408259207	0.10640439039998068	8.253476285519819e-07	0.00014477461220375012
V3	5:Ins:R:3	0.00017284072509592049	3.7871392234593035e-05	0.9140946715425526	0.0852208413756824	3.0196939983239967e-05	0.00044357802445145006
V3	5:Ins:R:4	0.0005511591859067802	6.620044588755665e-05	0.37924562375863063	0.6188020637963363	0.0004980207484808536	0.0008369320647576925
V3	5:Ins:R:5	9.82566123378483e-05	0.024354047149089227	0.9751670998980584	5.6040561437879584e-05	0.00010655205109778574	0.00021800372797892931
V3	2:Del:M:1	0.3715504298041468	0.028244615685164603	0.02685898216768142	0.02788221235715053	0.005343058907293062	0.5401207010785636
V3	3:Del:M:1	0.13084273680985697	8.546954224792651e-08	0.0	0.004407902597609353	8.767084729101965e-08	0.8647491874521442
V3	3:Del:M:2	4.854585293460787e-07	0.581495902640681	0.16837023552889316	0.038788976281786604	0.030943226293219172	0.1804011737968907
V3	4:Del:M:1	0.10262979589435797	0.0023942077061287793	0.0	7.461125332928335e-08	0.005486980609362599	0.8894889411788973
V3	4:Del:M:2	0.7221062749048789	0.010510406198396997	0.0878249288896774	0.01452099844623657	0.016440231797315484	0.14859715976349475
V3	4:Del:M:3	0.18977012474614474	0.0	0.035732146430933066	0.7706189443516448	0.0038775133476973023	1.2711235801717052e-06
V3	5:Del:M:1	0.0003570041044034514	0.0002731324158448443	0.00031590429402058754	0.0010352200532600603	4.424585344771787e-07	0.9980182966739365
V3	5:Del:M:2	0.00115894486191493	8.474913657689609e-08	1.5762011477190194e-07	0.0008467763889599269	0.0002226949483906692	0.997771341431483
V3	5:Del:M:3	0.020912612948267514	0.0012114920381691627	0.0	0.0011486208423204935	0.0007768110904410802	0.9759504630808017
V3	5:Del:M:4	0.013025534740659225	0.0	0.0024955510802527987	0.008100364875962027	0.017146951296501126	0.9592315980066248
V3	5:Del:M:5	0.0	0.0030077943395268505	0.016011814411149537	0.0016574514294920568	0.027018911000645796	0.9523040288191859
V4	1:Del:C:0	0.940827911349245	0.01109166122431552	0.0007866744861047291	0.020980121260877758	0.026313631679456835	0.0
V4	1:Del:C:1	0.941081005338889	0.03516845121826904	0.00039060805802950923	4.097116555773179e-07	0.023359525673156866	0.0
V4	1:Del:C:2	0.605382638070893	0.25345562598231736	0.047432716629252844	0.062261780406668826	0.031467238910868015	0.0
V4	1:Del:C:3	0.6299020954424494	0.0025225631353872576	0.007143636280847583	0.07020500447568381	0.29022670066563216	0.0
V4	1:Del:C:4	0.2010300956272224	0.0	0.0037630775050559906	0.27847367825948577	0.5167331486082358	0.0
V4	1:Del:C:5	0.010442051327079375	0.004402283899646166	0.034889778571800714	0.05716218641524541	0.8931036997862283	0.0
V4	1:Del:T:0	0.8540922050419055	0.0008031563518585077	0.006933097238384887	0.013792934653763411	0.12437860671408775	0.0
V4	1:Del:T:1	0.9722402630240724	0.005934414526730494	0.016462118127549843	0.005363204321647318	0.0	0.0
V4	1:Del:T:2	0.46267221948916437	0.4076884442269547	0.002490666034369231	0.0034398469244701978	0.12370882332504139	0.0
V4	1:Del:T:3	0.804146867866971	0.03583932037968841	0.015875633701962787	0.04201144865478262	0.10212672939659517	0.0
V4	1:Del:T:4	0.4253480765745051	0.005042302028021248	0.0	0.003402849194252952	0.5662067722032208	0.0
V4	1:Del:T:5	3.9577185789788427e-07	1.5009168583561668e-07	6.454452591261401e-09	6.402838826283648e-08	0.9999993836536154	0.0
V4	1:Ins:C:0	0.2178400065109644	3.269300349224546e-05	0.0049184310800756475	1.0263573541060442e-06	0.7772078430481136	0.0
V4	1:Ins:C:1	3.857672320452425e-06	0.7280777439059861	0.041778502535119194	0.229932572975347	0.00020732291122731633	0.0
V4	1:Ins:C:2	0.5910890771913339	1.889807879482739e-05	0.02468328660180909	0.0	0.38420873812806217	0.0
V4	1:Ins:C:3	0.006747253445361359	0.9932517262425963	9.800659020845652e-08	1.4670677893640314e-07	7.755986731695417e-07	0.0
V4	1:Ins:C:4	2.0649349159943686e-05	0.1650197402213083	0.05825587095630556	0.022389819218857493	0.7543139202543687	0.0
V4	1:Ins:C:5	0.0671806075577229	0.0	0.308544372242397	0.05817381272353795	0.5661012074763422	0.0
V4	1:Ins:T:0	0.5763464434522204	0.054786480617545104	0.02444612171199825	4.633644083888455e-45	0.3444209542182363	0.0
V4	1:Ins:T:1	0.20839503949432656	0.0	0.0037814496168532418	0.6840201284811728	0.10380338240764735	0.0
V4	1:Ins:T:2	0.3278755430126891	0.6189834518852282	0.04903288378414053	0.004108121317942206	0.0	0.0
V4	1:Ins:T:3	0.01415755939987181	0.008341813611597635	0.05448879062234651	0.26181179306385577	0.6612000433023283	0.0
V4	1:Ins:T:4	0.06556322412616127	0.030346694514139273	0.2082486701853619	0.0	0.6958414111743376	0.0
V4	1:Ins:T:5	5.615701124872333e-07	3.024925644631922e-06	0.999994223912863	1.4455299821862192e-06	7.440613976487504e-07	0.0
V4	2:Del:R:0	0.835159685128648	0.10648305679214871	0.00029967578524627497	0.020815836754837114	0.037241745539119894	0.0
V4	2:Del:R:1	0.08474902018694852	0.47375938507363896	0.011302684829229092	0.1357866781629334	0.29440223174724994	0.0
V4	2:Del:R:2	0.14047887896963954	0.0	0.012123565946752759	2.8754842577646397e-06	0.84739467959935	0.0
V4	2:Del:R:3	0.006608262664841877	0.020013032272582033	0.006215353272253039	1.0113399482768407e-06	0.9671623404503747	0.0
V4	2:Del:R:4	3.3698511524762773e-06	4.483607498639856e-06	3.2983715179148985e-06	0.101398811651882	0.898590036517949	0.0
V4	2:Del:R:5	0.06825893038213657	0.16104531682973855	0.0496362879274233	0.11901860597932219	0.6020408588813794	0.0
V4	3:Del:R:0	0.020839470817201017	0.038767867220287196	0.007910702570510296	0.649103902515448	0.2833780568765535	0.0
V4	3:Del:R:1	0.25527581672456584	0.0	0.03878826376943065	0.00030481972400021363	0.7056310997820033	0.0
V4	3:Del:R:2	0.07905142072909947	0.009986234389337769	0.050666940509345226	0.07635852585430125	0.7839368785179164	0.0
V4	3:Del:R:3	0.08691658676424022	0.13807912834361943	0.02394774489398456	1.8564523117672162e-06	0.751054683545844	0.0
V4	3:Del:R:4	0.11580719248265373	0.16420641946362405	0.035843667530054295	0.1313634355766325	0.5527792849470353	0.0
V4	3:Del:R:5	0.00028337328641861193	0.00039191517082799775	0.00014500294563228117	0.0003192843800596441	0.9988604242170614	0.0
V4	4:Del:R:0	0.9358070361955085	0.06418485644428817	0.0	8.107360203275451e-06	0.0	0.0
V4	4:Del:R:1	0.8166925383629879	0.13615953500128072	0.04714792663573138	0.0	0.0	0.0
V4	4:Del:R:2	0.1264782921802369	0.21660014726961427	1.404979913206042e-06	0.03033096681524735	0.6265891887549884	0.0
V4	4:Del:R:3	0.11580719248265373	0.16420641946362405	0.035843667530054295	0.1313634355766325	0.5527792849470353	0.0
V4	4:Del:R:4	0.11580719248265373	0.16420641946362405	0.035843667530054295	0.1313634355766325	0.5527792849470353	0.0
V4	4:Del:R:5	0.0003504016968240971	0.983497489814364	0.0022453831470596055	0.0028542276927344956	0.011052497649017936	0.0
V4	5:Del:R:0	0.006372075702311014	0.09171110532026204	0.006975667936626253	0.8949411510408007	0.0	0.0
V4	5:Del:R:1	0.07880604594400119	0.030078755197401927	1.1183576494353775e-05	0.006314990619472057	0.8847890246626305	0.0
V4	5:Del:R:2	0.14999429273007903	5.7476271243973935e-06	1.4531263982165642e-06	2.0617133500484125e-05	0.8499778893828979	0.0
V4	5:Del:R:3	0.11580719248265373	0.16420641946362405	0.035843667530054295	0.1313634355766325	0.5527792849470353	0.0
V4	5:Del:R:4	0.11580719248265373	0.16420641946362405	0.035843667530054295	0.1313634355766325	0.5527792849470353	0.0
V4	5:Del:R:5	0.11580719248265373	0.16420641946362405	0.035843667530054295	0.1313634355766325	0.5527792849470353	0.0
V4	2:Ins:R:0	6.992164390690675e-07	0.9907838776796788	0.00043757596620716934	0.0009454169876485046	0.007832430150026598	0.0
V4	2:Ins:R:1	0.6709012020558748	0.10729479515307294	0.0212563574907882	0.008524450050478666	0.19202319524978548	0.0
V4	2:Ins:R:2	0.0780670163380976	0.08113849938254473	2.4946601554738916e-06	2.2262778859241107e-06	0.8407897633413164	0.0
V4	2:Ins:R:3	0.03265321162574781	0.029096612714520468	0.08475466567277094	0.031909778454116855	0.821585731532844	0.0
V4	2:Ins:R:4	0.0840794304356229	0.006947363005282328	0.10439934502169558	1.7461270335827566e-44	0.8045738615373993	0.0
V4	2:Ins:R:5	0.0057018878884982326	0.0	0.062108099742012396	0.018609028395148875	0.9135809839743405	0.0
V4	3:Ins:R:0	3.5762279129587936e-06	0.14579597940238104	0.06030735528171873	0.12920238881159635	0.664690700276391	0.0
V4	3:Ins:R:1	0.11515200636503631	0.010838322141436726	1.5871006895565593e-07	0.027857588220053894	0.846151924563404	0.0
V4	3:Ins:R:2	2.7988933790625286e-07	2.220744408720226e-05	2.057301523564354e-09	0.9999767168147035	7.937945699083169e-07	0.0
V4	3:Ins:R:3	0.00015333662951583685	0.00017966022502434703	7.093580170249843e-05	0.00015269661097381022	0.9994433707327837	0.0
V4	3:Ins:R:4	0.11580719248265373	0.16420641946362405	0.035843667530054295	0.1313634355766325	0.5527792849470353	0.0
V4	3:Ins:R:5	0.013037008914603961	0.0	0.050608965459112754	0.012179524514606082	0.9241745011116772	0.0
V4	4:Ins:R:0	0.03852072986900217	3.107597640526137e-05	2.990348308132285e-05	3.2661540513640733e-05	0.9613856291309976	0.0
V4	4:Ins:R:1	0.0513175421493798	0.02482323184982402	0.050036956977682755	0.03096408382553326	0.8428581851975802	0.0
V4	4:Ins:R:2	0.00041390496334540463	0.9962227599241193	0.00016542272766052068	0.0005475243861784144	0.0026503879986962283	0.0
V4	4:Ins:R:3	0.1258880909625351	0.44334878871529515	5.76238776927743e-07	0.0707079003410471	0.36005464374234575	0.0
V4	4:Ins:R:4	0.2805828200984017	0.6966228035435116	0.02140088641646261	0.00010125887776899831	0.0012922310638549999	0.0
V4	4:Ins:R:5	1.3805166366245432e-05	0.0600449692716333	0.04065725607260279	0.007555554780267673	0.8917284147091301	0.0
V4	5:Ins:R:0	0.5353045532246987	2.601496275525405e-06	0.00893055881219305	0.07854879336360629	0.3772134931032264	0.0
V4	5:Ins:R:1	0.8727342244208153	0.0002784998378967457	0.030059674275761186	0.07720100786117068	0.019726593604355917	0.0
V4	5:Ins:R:2	0.00011814320626075855	0.00024067739411206803	0.5571920425457976	0.4424314498283673	1.7687025462432664e-05	0.0
V4	5:Ins:R:3	0.0003881511609201827	0.0003101764699019543	0.6158390756922993	0.3827635934321431	0.0006990032447353842	0.0
V4	5:Ins:R:4	0.00040606912275961926	0.00017787978669900903	0.08382329915996631	0.9118106624466916	0.003782089483883405	0.0
V4	5:Ins:R:5	0.00025675959622649104	0.23210196009701817	0.7644783537689799	0.0002928851623261842	0.0028700413754491807	0.0
V4	2:Del:M:1	0.6260781705609114	0.1735758223266951	0.013577555887259356	0.09396541144068843	0.0928030397844457	0.0
V4	3:Del:M:1	0.936867851156088	2.231941784789719e-06	0.0	0.06312344629001232	6.470612115067909e-06	0.0
V4	3:Del:M:2	1.8905675760882345e-07	0.8259038611425796	0.019671009292886944	0.03021192395848207	0.12421301654929363	0.0
V4	4:Del:M:1	0.6111831573987112	0.05199989958081637	0.0	8.886530659031235e-07	0.3368160543674066	0.0
V4	4:Del:M:2	0.7328880318893822	0.03890440517019476	0.026740872440109746	0.029475622473251528	0.17199106802706177	0.0
V4	4:Del:M:3	0.10651095270557703	0.0	0.00601653969032001	0.8650398269554515	0.02243268064865153	0.0
V4	5:Del:M:1	0.10133795305429602	0.2827580205202734	0.026901450814355958	0.5877079835450745	0.0012945920660002452	0.0
V4	5:Del:M:2	0.22511105223312333	6.00360477032821e-05	9.184741497739952e-06	0.3289521877856613	0.4458675391920143	0.0
V4	5:Del:M:3	0.5868499379279379	0.1239886969531048	0.0	0.06446521739640956	0.22469614772254765	0.0
V4	5:Del:M:4	0.06301038982714714	0.0	0.0036216320373269094	0.0783702410286867	0.8549977371068392	0.0
V4	5:Del:M:5	0.0	0.0368613802405057	0.01614144793169137	0.01113913566631734	0.9358580361614854	0.0
V5	1:Del:C:0	0.983258916258772	0.0008687308498252542	0.0010186949065913344	0.005730742017426235	0.0003814312944267464	0.008741484672958322
V5	1:Del:C:1	0.9673982622618074	0.002709333616554052	0.0004975203654645456	1.10078316269252e-07	0.00033305821118549645	0.029061715466672227
V5	1:Del:C:2	0.5119557969503392	0.016063322797251287	0.049701771867030155	0.013761608629273163	0.0003690956874651035	0.408148404068641
V5	1:Del:C:3	0.848814775811771	0.000254749224234588	0.01192753175681341	0.024725957198515038	0.005424442034376282	0.10885254397428976
