Sample Names	MutationType	ID83A	ID83B	ID83C	ID83D	ID83E	ID83F
V1	1:Del:C:0	0.0014380418844602081	0.9772003566939812	0.0008584059547791169	0.019382258217351116	0.0011085246946876612	1.2412554740682392e-05
V1	1:Del:C:1	0.002178174433941565	0.9557262148419169	4.0145631777513513e-07	0.041953518565677375	5.4021473114749895e-05	8.766922903184392e-05
V1	1:Del:C:2	2.6361753179790746e-44	0.7571836116563638	0.06341377596174666	0.17713348371058543	0.0021523094329659004	0.0001168192383381073
V1	1:Del:C:3	0.12745514338721584	0.6201412203499308	0.1949897240907399	0.04755954515153611	0.008550133915894721	0.0013042331046826889
V1	1:Del:C:4	0.0	0.8474691408361681	0.13304818664019616	0.005025682959152915	0.014456989564482811	0.0
V1	1:Del:C:5	0.16948623734897966	0.01875169216798368	0.505828646543704	0.08316276065790806	0.22255979198681303	0.00021087129461161023
V1	1:Del:T:0	0.0015186808199449647	0.8788438039117382	0.01951893757757584	0.09288524232930465	0.00704217996454364	0.00019115539689282807
V1	1:Del:T:1	0.034346631050795794	0.9100407231710992	0.005381417552543856	0.04989770100383121	0.0002400604495082041	9.346677222190888e-05
V1	1:Del:T:2	0.006638250241218105	0.9744486033813927	0.007585547935993213	0.007154151263016776	0.004098861723217289	7.458545516193103e-05
V1	1:Del:T:3	0.020440173134776897	0.9529619405047433	0.005851197344275434	0.00953863555667573	0.011002524275198827	0.00020552918432994714
V1	1:Del:T:4	0.0	0.9304309255316295	0.042686140009238	0.0	0.026816905270333345	6.602918879918312e-05
V1	1:Del:T:5	5.984052356039036e-06	2.355180116372548e-06	1.3088353328294202e-05	2.0344538898428093e-05	0.9999582061644177	2.1710883189361472e-08
V1	1:Ins:C:0	1.91649027969387e-05	6.956935063298926e-06	6.204210674489627e-05	0.9931754784364883	0.004536740600209865	0.002199617018696695
V1	1:Ins:C:1	0.00020432018147067667	0.17770887669363483	5.4314377705209e-05	0.8220317866686753	7.020785141437584e-07	0.0
V1	1:Ins:C:2	0.2582232324338186	0.28786576368711253	6.65019191894051e-06	0.44840163640369457	5.920689553554901e-07	0.005502125214500054
V1	1:Ins:C:3	9.091803768739036e-05	0.00025899667308206285	0.5907556951597006	0.3768107926201132	0.01105544068048612	0.021028156828930656
V1	1:Ins:C:4	4.884776508716047e-06	4.472231653207791e-06	0.5934686808291999	0.09796483756401995	0.3042733927554032	0.004283731843215004
V1	1:Ins:C:5	0.40872586787591225	0.0	0.5771686781414344	0.0041652379189574575	0.009080057614099652	0.0008601584495961987
V1	1:Ins:T:0	0.026218837260797923	0.8572714888405512	0.03954373364710511	0.06824984009086803	0.007138214779595866	0.0015778853810817812
V1	1:Ins:T:1	3.821326830772715e-06	0.9291385238139818	5.162777997513597e-07	0.06599635298032783	0.004508941178142663	0.00035184442291729014
V1	1:Ins:T:2	0.017892526330585412	0.3808417991031555	0.5151891628935018	0.0832883540142836	0.0027881576584734918	0.0
V1	1:Ins:T:3	0.0012517650005129397	0.22203026886316204	0.7520644041597062	0.0062055023720619835	0.01536569033343882	0.003082369271118053
V1	1:Ins:T:4	0.6254393465992789	0.0061416944881245664	0.36406558240637177	0.0026115450392468417	0.0010598831475193246	0.0006819483194585635
V1	1:Ins:T:5	9.736169115758504e-07	0.00016685135592479797	0.9996433527352026	0.00017036830761777303	1.84399299160455e-05	1.4054427101559102e-08
V1	2:Del:R:0	0.0022744633616857786	0.7334542511639134	0.12381004615963413	0.13927568270860433	0.0011855566061622677	0.0
V1	2:Del:R:1	0.0056183476146013395	0.42964589834060113	1.0350487256560286e-06	0.5266909446252597	0.037897405153597775	0.00014636921721437445
V1	2:Del:R:2	0.3748713228456533	0.1573787404911001	0.2930533165369297	0.05007970318593254	0.10842334268268006	0.016193574257704315
V1	2:Del:R:3	0.0012468946264348882	0.0004097413663433093	0.8652456807194864	0.0008134341397860877	0.0001500962491702592	0.13213415289877917
V1	2:Del:R:4	0.3581057442714614	0.15242359433601702	0.3620952913178043	0.11938325272224039	0.007991817845207735	2.995072691125029e-07
V1	2:Del:R:5	0.00037937045127312284	0.4426970541361373	0.0002844218389737026	0.552858322771856	0.003779050296087282	1.7805056725819739e-06
V1	3:Del:R:0	0.0020858683845519518	0.6416667821448132	3.3849425671355705e-06	0.35510224590707523	1.456899190642101e-07	0.001141572931073448
V1	3:Del:R:1	0.0	0.5965513002307223	0.35952709972440167	0.029466221792778566	0.014455378252097528	0.0
V1	3:Del:R:2	1.4934885982721634e-05	0.009474730187860183	0.00013358663705914444	2.117427925596652e-05	6.028068967064556e-06	0.990349545940875
V1	3:Del:R:3	1.3987658071751644e-05	0.27049424144417183	0.7294900090072655	0.0	1.0684867901457021e-06	6.934037007974709e-07
V1	3:Del:R:4	0.3314005490901583	0.22296936079466106	0.34553595761379835	0.08068762564363494	0.014069316211040437	0.005337190646707002
V1	3:Del:R:5	0.405827888053355	0.01083265168574647	6.944850955676245e-44	5.0803034210075935e-05	8.786286494228626e-09	0.583288648440402
V1	4:Del:R:0	0.9420738811973322	0.02837752333134499	0.004216077779514803	0.025178867060082353	0.0	0.0001536506317256043
V1	4:Del:R:1	0.0	0.8097969428752423	0.06900613371807547	0.10510951022185762	0.016055452348726282	3.196083609847822e-05
V1	4:Del:R:2	0.03108511306393826	0.6587657214832039	0.24554396895690986	0.059400025716610225	0.005205129043258284	4.173607945898601e-08
V1	4:Del:R:3	0.3314005490901583	0.22296936079466106	0.34553595761379835	0.08068762564363494	0.014069316211040437	0.005337190646707002
V1	4:Del:R:4	0.3314005490901583	0.22296936079466106	0.34553595761379835	0.08068762564363494	0.014069316211040437	0.005337190646707002
V1	4:Del:R:5	0.00013286814200515922	0.48961142889880216	0.45156491332289134	0.05868616299276606	2.9891946027010695e-06	1.6374489325315998e-06
V1	5:Del:R:0	0.012982261147314085	4.61824327979085e-16	0.03133158000623123	0.9522786383497317	0.0008712199216013779	0.002536300575121132
V1	5:Del:R:1	2.8007854733481158e-05	0.2584137110828209	1.2670773488447855e-05	0.4892426232365692	0.2523026466974771	3.40354910876481e-07
V1	5:Del:R:2	0.3292674491881089	0.40756772957431586	0.0	0.2548766900723345	0.007806977974518607	0.00048115319072212994
V1	5:Del:R:3	0.0011451469004174326	0.0008321112255372006	0.9977164820768573	0.00023807611009885637	4.445051588368482e-05	2.373317120557636e-05
V1	5:Del:R:4	0.3314005490901583	0.22296936079466106	0.34553595761379835	0.08068762564363494	0.014069316211040437	0.005337190646707002
V1	5:Del:R:5	0.3314005490901583	0.22296936079466106	0.34553595761379835	0.08068762564363494	0.014069316211040437	0.005337190646707002
V1	2:Ins:R:0	0.03493915015700615	0.4635439089126798	0.43542848797825273	0.051324393179184136	0.014521683734957004	0.00024237603792012492
V1	2:Ins:R:1	0.9492690640351572	0.03113554725847578	0.0	0.019479778787307424	1.0058968689153443e-08	0.00011559986009096984
V1	2:Ins:R:2	0.5588715327164918	0.20458032664156736	0.12330056613480742	0.07694826069816636	0.03629927434276097	3.94662059694844e-08
V1	2:Ins:R:3	0.4211079072379418	0.1582814546660619	0.369544019884952	0.051066188950952815	4.292600914332861e-07	0.0
V1	2:Ins:R:4	0.11340326459170322	0.048588162789476044	0.7924016080125179	0.0	0.04560696460630275	0.0
V1	2:Ins:R:5	0.009541214414804468	0.02716008949868117	0.8848186494770667	0.034343115065051964	0.043262474272154544	0.0008744572722411517
V1	3:Ins:R:0	0.9910912291512044	0.005081886942556671	0.0008417021292149792	0.0029439411793988264	3.843390739864873e-09	4.123675423455609e-05
V1	3:Ins:R:1	2.7560526899429242e-05	0.36010590477935595	0.43033314036734704	0.16531394630539803	0.04421936160771382	8.641328566709623e-08
V1	3:Ins:R:2	0.0008405950001261317	0.9033174972514937	0.001452366552525776	0.00016589453361975261	0.09420859049240479	1.5056169829886468e-05
V1	3:Ins:R:3	0.999998712795584	1.735517652570799e-07	1.0132214730174105e-06	5.353335499549007e-08	4.452997165824815e-08	2.367851081406773e-09
V1	3:Ins:R:4	0.866839870937181	0.00014218740278889078	0.10074889338979556	1.6518888837670793e-05	0.032252145827155784	3.835542408897615e-07
V1	3:Ins:R:5	6.18588697059338e-05	2.119390628432811e-05	0.3692633791776389	0.4052803033984136	0.22537326464795723	0.0
V1	4:Ins:R:0	0.0005765297274592416	0.8537215551050975	0.0026863936721471054	0.14297358934759086	2.337862662119898e-05	1.8553521083969783e-05
V1	4:Ins:R:1	0.28871547354711835	0.2554372931521153	0.3898626194957902	0.05219937903800484	0.012514333881218762	0.0012709008857525283
V1	4:Ins:R:2	0.002654194670092607	0.002115275666332444	0.003877348836151033	0.9903630310941596	0.0009524120675508175	3.773766571347976e-05
V1	4:Ins:R:3	0.3314005490901583	0.22296936079466106	0.34553595761379835	0.08068762564363494	0.014069316211040437	0.005337190646707002
V1	4:Ins:R:4	0.0006209823646936252	0.0004558348483030507	0.9987222722261865	0.00014347564005989146	2.7199847869680682e-05	3.0235072887162757e-05
V1	4:Ins:R:5	0.2634225331383079	0.06625883924309361	0.47779146559107294	0.1240748148253988	0.06621167852066367	0.0022406686814631215
V1	5:Ins:R:0	0.00020133391995233915	0.6688444864022647	4.559786376039032e-05	0.33090512742452327	3.0486016532810657e-06	4.057878459314136e-07
V1	5:Ins:R:1	0.09685973036254203	0.326246121243559	0.13789989908317088	0.43420452645005525	0.0	0.004789722860672887
V1	5:Ins:R:2	0.25881915815401896	0.003315045866205902	0.14121191772843403	0.596580689818289	5.482622562282991e-05	1.836220742922601e-05
V1	5:Ins:R:3	0.00036908475933397454	0.09755422218439691	0.6510247741646268	0.25104197381846705	4.700863940083544e-06	5.244209235045131e-06
V1	5:Ins:R:4	9.575844494146465e-05	0.6103390715484164	0.3895632019643797	0.0	0.0	1.9680422623771523e-06
V1	5:Ins:R:5	0.004375159826482246	0.0019712231554426716	0.47289253800433867	0.5206790905348034	5.9474857389234304e-05	2.251362154372567e-05
V1	2:Del:M:1	0.052048632236389766	0.44746269555923107	0.3686646860265718	0.13162662614841747	0.0	0.00019736002938977728
V1	3:Del:M:1	0.048240622505525375	0.3844508531346767	0.07150547863143021	0.48546248343041287	0.010260091103759094	8.047119419588893e-05
V1	3:Del:M:2	0.06469277607379181	0.33252592836257633	0.12327646408246345	0.439704663252177	0.03688362371594765	0.002916544513043733
V1	4:Del:M:1	0.01362651626793351	0.32760939828180413	0.362610317440235	0.2956845996308182	9.967242342395274e-05	0.00036949595578525895
V1	4:Del:M:2	0.1957773811355256	0.22918843936607827	0.09726226485461828	0.445765508111041	0.005466327905939482	0.02654007862679744
V1	4:Del:M:3	0.19328616202169194	0.2848099390600848	0.15110975885579983	0.0027372004829503507	0.0008702419894255124	0.36718669759004763
V1	5:Del:M:1	0.0012765811164853623	2.361839976873562e-06	1.8918297504500275e-06	0.9987188161597339	1.6746048883050626e-07	1.8159356437152902e-07
V1	5:Del:M:2	2.3284887402302833e-06	0.0	0.011089219079730232	0.8686278023702043	0.001850471886573053	0.11843017817475214
V1	5:Del:M:3	0.0014315763896393528	0.020832947641249794	0.0	0.9750437144692137	2.132848193681741e-05	0.0026704330179604793
V1	5:Del:M:4	2.6808531289409376e-05	0.1295563440951776	1.2212450816025533e-07	0.8642609614983316	0.0035965987779140365	0.002559164972779164
V1	5:Del:M:5	0.0	0.037825058862876716	0.00829370362556123	0.9324419716097881	0.02143926590177389	0.0
V2	1:Del:C:0	0.13873834365946544	0.0	0.005931392360348582	0.855330263980186	0.0	0.0
V2	1:Del:C:1	0.10193575152024596	0.0	1.3455849830156467e-06	0.8980629028947711	0.0	0.0
V2	1:Del:C:2	3.0809342624243204e-43	0.0	0.05307997606256908	0.9469200239374309	0.0	0.0
V2	1:Del:C:3	0.7810966622755767	0.0	0.08558508825604538	0.13331824946837784	0.0	0.0
V2	1:Del:C:4	0.0	0.0	0.8056451231208759	0.19435487687912412	0.0	0.0
V2	1:Del:C:5	0.6953183141753362	0.0	0.14862491294808344	0.15605677287658035	0.0	0.0
V2	1:Del:T:0	0.033448785932557686	0.0	0.030789950319636005	0.9357612637478063	0.0	0.0
V2	1:Del:T:1	0.5967546538247454	0.0	0.006696491509340912	0.3965488546659136	0.0	0.0
V2	1:Del:T:2	0.6350019930809493	0.0	0.05196936228489286	0.3130286446341578	0.0	0.0
V2	1:Del:T:3	0.8104009697505911	0.0	0.016614951955857195	0.17298407829355178	0.0	0.0
V2	1:Del:T:4	0.0	0.0	1.0	0.0	0.0	0.0
V2	1:Del:T:5	0.3687663088153009	0.0	0.0577670013431682	0.5734666898415308	0.0	0.0
V2	1:Ins:C:0	4.2184564490686e-05	0.0	9.780756513874851e-06	0.9999480346789954	0.0	0.0
V2	1:Ins:C:1	0.0005430974191829678	0.0	1.0339992968176608e-05	0.9994465625878487	0.0	0.0
V2	1:Ins:C:2	0.557324484906242	0.0	1.0279830429368856e-06	0.44267448711071516	0.0	0.0
V2	1:Ins:C:3	0.00042335139125193133	0.0	0.19701433031918178	0.8025623182895663	0.0	0.0
V2	1:Ins:C:4	5.59413889190487e-05	0.0	0.4867716911102872	0.5131723675007938	0.0	0.0
V2	1:Ins:C:5	0.9043240980607176	0.0	0.09146052624981736	0.004215375689465001	0.0	0.0
V2	1:Ins:T:0	0.4350297615704937	0.0	0.0469918102467891	0.5179784281827172	0.0	0.0
V2	1:Ins:T:1	0.00012657101082605318	0.0	1.2247359820151062e-06	0.999872204253192	0.0	0.0
V2	1:Ins:T:2	0.1926255784225306	0.0	0.3972354253330363	0.4101389962444331	0.0	0.0
V2	1:Ins:T:3	0.021599417954387374	0.0	0.9294226230057794	0.04897795903983325	0.0	0.0
V2	1:Ins:T:4	0.9582214761943636	0.0	0.03994839054037499	0.0018301332652613262	0.0	0.0
V2	1:Ins:T:5	1.3583938711580884e-05	0.0	0.9988991623275552	0.0010872537337332285	0.0	0.0
V2	2:Del:R:0	0.030387864132470122	0.0	0.11847209764901054	0.8511400382185194	0.0	0.0
V2	2:Del:R:1	0.02278957459825442	0.0	3.0069580505650855e-07	0.9772101247059405	0.0	0.0
V2	2:Del:R:2	0.8951789251967776	0.0	0.05012025053169162	0.05470082427153079	0.0	0.0
V2	2:Del:R:3	0.01960879932125852	0.0	0.9745399576285863	0.005851243050155254	0.0	0.0
V2	2:Del:R:4	0.8163885073318782	0.0	0.05912177089204302	0.12448972177607882	0.0	0.0
V2	2:Del:R:5	0.001497818501908034	0.0	8.042620783559791e-05	0.9984217552902565	0.0	0.0
V2	3:Del:R:0	0.012679049373596374	0.0	1.4736354409991099e-06	0.9873194769909627	0.0	0.0
V2	3:Del:R:1	0.0	0.0	0.6564136210288908	0.3435863789711091	0.0	0.0
V2	3:Del:R:2	0.4368488617141858	0.0	0.27985384354117876	0.2832972947446354	0.0	0.0
V2	3:Del:R:3	0.00026765196854026724	0.0	0.9997323480314597	0.0	0.0	0.0
V2	3:Del:R:4	0.8431396958976842	0.0	0.06296200120324087	0.09389830289907489	0.0	0.0
V2	3:Del:R:5	0.9999427431580833	0.0	1.2255615767113684e-44	5.725684191665107e-05	0.0	0.0
V2	4:Del:R:0	0.9876097266003867	0.0	0.00031655412087180636	0.012073719278741544	0.0	0.0
V2	4:Del:R:1	0.0	0.0	0.09321474202892366	0.9067852579710763	0.0	0.0
V2	4:Del:R:2	0.40987077206649836	0.0	0.23187970112862288	0.3582495268048788	0.0	0.0
V2	4:Del:R:3	0.8431396958976842	0.0	0.06296200120324087	0.09389830289907489	0.0	0.0
V2	4:Del:R:4	0.8431396958976842	0.0	0.06296200120324087	0.09389830289907489	0.0	0.0
V2	4:Del:R:5	0.002239934882563072	0.0	0.5452223908729023	0.4525376742445346	0.0	0.0
V2	5:Del:R:0	0.028797834037171108	0.0	0.00497772318796102	0.966224442774868	0.0	0.0
V2	5:Del:R:1	0.00012513965495338037	0.0	4.054685716197731e-06	0.9998708056593303	0.0	0.0
V2	5:Del:R:2	0.7385157322424152	0.0	0.0	0.2614842677575849	0.0	0.0
V2	5:Del:R:3	0.015749236653594956	0.0	0.982753084764806	0.0014976785815989664	0.0	0.0
V2	5:Del:R:4	0.8431396958976842	0.0	0.06296200120324087	0.09389830289907489	0.0	0.0
V2	5:Del:R:5	0.8431396958976842	0.0	0.06296200120324087	0.09389830289907489	0.0	0.0
V2	2:Ins:R:0	0.38994108526872834	0.0	0.34805065888613224	0.2620082558451395	0.0	0.0
V2	2:Ins:R:1	0.9907008824700597	0.0	0.0	0.009299117529940266	0.0	0.0
V2	2:Ins:R:2	0.9269733827631756	0.0	0.014647358394156573	0.058379258842667835	0.0	0.0
V2	2:Ins:R:3	0.8941990837205886	0.0	0.05620124868584424	0.049599667593567064	0.0	0.0
V2	2:Ins:R:4	0.6664677198243213	0.0	0.33353228017567865	0.0	0.0	0.0
V2	2:Ins:R:5	0.10766258987743862	0.0	0.7150796137210789	0.1772577964014826	0.0	0.0
V2	3:Ins:R:0	0.9985824981526152	0.0	6.07390094480264e-05	0.0013567628379365809	0.0	0.0
V2	3:Ins:R:1	0.000258870824152903	0.0	0.2894938519949588	0.7102472771808883	0.0	0.0
V2	3:Ins:R:2	0.8237120166102411	0.0	0.10193041675308392	0.07435756663667496	0.0	0.0
V2	3:Ins:R:3	0.99999990294556	0.0	7.256778445778327e-08	2.4486655586430237e-08	0.0	0.0
V2	3:Ins:R:4	0.9917359873891546	0.0	0.008255368058296426	8.644552548932443e-06	0.0	0.0
V2	3:Ins:R:5	0.00029194197039507364	0.0	0.12481585506198575	0.8748922029676193	0.0	0.0
V2	4:Ins:R:0	0.008713343129223868	0.0	0.002907848185691756	0.9883788086850845	0.0	0.0
V2	4:Ins:R:1	0.8478808943775167	0.0	0.08200028228591161	0.07011882333657174	0.0	0.0
V2	4:Ins:R:2	0.005821462335980186	0.0	0.0006090783414571647	0.9935694593225627	0.0	0.0
V2	4:Ins:R:3	0.8431396958976842	0.0	0.06296200120324087	0.09389830289907489	0.0	0.0
V2	4:Ins:R:4	0.008598974431578229	0.0	0.9904922637840954	0.0009087617843265309	0.0	0.0
V2	4:Ins:R:5	0.7433015696260401	0.0	0.09655827047054216	0.16014015990341773	0.0	0.0
V2	5:Ins:R:0	0.0013283799036665023	0.0	2.1547098951582895e-05	0.998650072997382	0.0	0.0
V2	5:Ins:R:1	0.31721387496299824	0.0	0.03234534812753369	0.650440776909468	0.0	0.0
V2	5:Ins:R:2	0.47768995766933803	0.0	0.018666375759165587	0.5036436665714964	0.0	0.0
V2	5:Ins:R:3	0.0022807678724554694	0.0	0.2881319723410787	0.7095872597864658	0.0	0.0
V2	5:Ins:R:4	0.0034203630412833635	0.0	0.9965796369587167	0.0	0.0	0.0
V2	5:Ins:R:5	0.01582867121752561	0.0	0.12253268745560573	0.8616386413268687	0.0	0.0
V2	2:Del:M:1	0.3753691562113082	0.0	0.19042315820963732	0.43420768557905454	0.0	0.0
V2	3:Del:M:1	0.1751550374751216	0.0	0.01859465002404551	0.8062503125008329	0.0	0.0
V2	3:Del:M:2	0.2355490720420099	0.0	0.03214731760156164	0.7323036103564285	0.0	0.0
V2	4:Del:M:1	0.07793453387344126	0.0	0.14853343414051906	0.7735320319860397	0.0	0.0
V2	4:Del:M:2	0.4814508452288509	0.0	0.01713060807173705	0.5014185466994119	0.0	0.0
V2	4:Del:M:3	0.9412029097352037	0.0	0.05270040745909756	0.006096682805698721	0.0	0.0
V2	5:Del:M:1	0.0027866897974781453	0.0	2.9577483747954286e-07	0.9972130144276844	0.0	0.0
V2	5:Del:M:2	5.84879118486065e-06	0.0	0.0019949494687504683	0.9979992017400646	0.0	0.0
V2	5:Del:M:3	0.003199588702929592	0.0	0.0	0.9968004112970702	0.0	0.0
V2	5:Del:M:4	6.781006664366748e-05	0.0	2.212396379618929e-08	0.9999321678093925	0.0	0.0
V2	5:Del:M:5	0.0	0.0	0.0013907745656779205	0.9986092254343221	0.0	0.0
V3	1:Del:C:0	0.004729383975992909	0.5357715883322947	0.001029265487506371	0.45543211566923	0.002778391062929153	0.0002592554720469257
V3	1:Del:C:1	0.004716166556058126	0.3449792702055637	3.1691035045580394e-07	0.6490095770368215	8.914107387609217e-05	0.0012055282173299767
V3	1:Del:C:2	1.8599919923908677e-44	0.08906375742533536	0.016312557210683053	0.8929428957279469	0.0011573279855412876	0.000523461650493276
V3	1:Del:C:3	0.1941346581120556	0.15747054533630978	0.1082827016747364	0.5175706480948173	0.009925070198317043	0.012616376583763808
V3	1:Del:C:4	0.0	0.596845305343668	0.20492053221062692	0.15168973471950345	0.04654442772620168	0.0
V3	1:Del:C:5	0.15103566916761693	0.0027857912712891063	0.16434260083016541	0.5294929972072336	0.1511495134083481	0.0011934281153467075
V3	1:Del:T:0	0.001840002136797464	0.17751151764753909	0.008622032256910843	0.8040531821246396	0.006502403258146605	0.0014708625759665389
V3	1:Del:T:1	0.06298615164966695	0.2782177147302666	0.003597984344666452	0.6537740874090834	0.0003355030753302028	0.0010885587909864598
V3	1:Del:T:2	0.029299325132154656	0.7170112292609675	0.012206540692113086	0.22560480901482707	0.013787395239459821	0.002090700660477891
V3	1:Del:T:3	0.07883325258058607	0.6127219717462598	0.00822756401714616	0.2628435769260509	0.03233941590941	0.005034218820547161
V3	1:Del:T:4	0.0	0.809851845291779	0.08125441163173812	0.0	0.10670432805639833	0.002189415020084431
V3	1:Del:T:5	7.850716879417204e-06	5.151113031738066e-07	6.260378488089946e-06	0.0001906988260519421	0.9997944940728715	1.8089440588924803e-07
V3	1:Ins:C:0	2.69417932839738e-06	1.6304250939250343e-07	3.179860472334823e-06	0.9975440999194389	0.0004860475828612574	0.0019638154153897723
V3	1:Ins:C:1	3.461263810660944e-05	0.005018750203853413	3.354593436499024e-06	0.9949431919237305	9.064087290983645e-08	0.0
V3	1:Ins:C:2	0.07284417547493877	0.013537939153158615	6.839673116397747e-07	0.9037596440870547	1.2728779675498095e-07	0.009857430029739704
V3	1:Ins:C:3	2.9812097860405718e-05	1.4157927776892515e-05	0.07062395756333327	0.8827791256352504	0.002762698577591567	0.04379024819818749
V3	1:Ins:C:4	4.155829037161449e-06	6.34308145592051e-07	0.18408246809179774	0.5954830921147035	0.19728402178757853	0.023145627868737507
V3	1:Ins:C:5	0.6180674511109712	0.0	0.31820584453774	0.045001791095280165	0.010464230889619128	0.00826068236638968
V3	1:Ins:T:0	0.03818423671533781	0.20813834096826478	0.02099664990080563	0.7101638498812055	0.00792273733472186	0.014594185199664418
V3	1:Ins:T:1	6.045460379817048e-06	0.24505224486359015	2.977832702526868e-07	0.7459700127499295	0.005436316412454474	0.003535082730375697
V3	1:Ins:T:2	0.020651277197998107	0.07327956487743281	0.21679218324628327	0.6868244830152233	0.0024524916630626254	0.0
V3	1:Ins:T:3	0.003225513007444155	0.09537865647424178	0.7065333651011959	0.11424551938516454	0.03017470483629531	0.050442241195658315
V3	1:Ins:T:4	0.7987787549320301	0.001307653070217126	0.1695206383172589	0.02383005603410257	0.001031606936753753	0.005531290709637653
V3	1:Ins:T:5	2.6622100970555503e-06	7.605836411946869e-05	0.9965542569688187	0.0033283521054813785	3.84262889699384e-05	2.4406251341981837e-07
V3	2:Del:R:0	0.001951189821993841	0.1048954448900717	0.03872381270564615	0.8536544524120324	0.0007751001702558427	0.0
V3	2:Del:R:1	0.0014517225941648117	0.018507541110608122	9.750737701343904e-08	0.9723376869735147	0.007462759838270978	0.000240191976064377
V3	2:Del:R:2	0.356602144748628	0.024958059747003866	0.10163657504121053	0.34036877816254985	0.07860306580745521	0.09783137649315257
V3	2:Del:R:3	0.001073182067398942	5.879176354877074e-05	0.2715093203727835	0.005002099045578894	9.845288666042835e-05	0.7222581538640294
V3	2:Del:R:4	0.2605189483352671	0.01848601282900356	0.09604008926616049	0.6205227002903777	0.004430865492622121	1.38378656896759e-06
V3	2:Del:R:5	9.420194784314589e-05	0.018325930550624762	2.5749035779715166e-05	0.980836165769882	0.0007151448487478771	2.8078471224012082e-06
V3	3:Del:R:0	0.0007861050583216847	0.04031496333341482	4.651003244471229e-07	0.9561661077758222	4.184447777789356e-08	0.002732316887638981
V3	3:Del:R:1	0.0	0.21998850684680377	0.28994955929286437	0.4656931647025426	0.02436876915778919	0.0
V3	3:Del:R:2	2.37386208081479e-06	0.0002510634230717354	7.74137735337935e-06	2.404631021830141e-05	7.302082664706145e-07	0.9997140448190092
V3	3:Del:R:3	4.496536014410425e-05	0.14496198096633797	0.8549762795860129	0.0	2.6176838099270322e-06	1.4156403695247628e-05
V3	3:Del:R:4	0.2970444112129041	0.03331780434047794	0.11291796925552987	0.5167272145716386	0.009610724180539187	0.03038187643891029
V3	3:Del:R:5	0.09868416025730392	0.00043914037007847055	6.157013991598981e-45	8.826356209774109e-05	1.6282679818113865e-09	0.900788434182252
V3	4:Del:R:0	0.8342739729549742	0.004189490826297598	0.0013612377826751829	0.15931114313820985	0.0	0.0008641552978430884
V3	4:Del:R:1	0.0	0.14617228397353083	0.027240509215971296	0.8131190335505653	0.013248398545563051	0.00021977471436966892
V3	4:Del:R:2	0.04718478966564766	0.16670306603043583	0.13588780779259638	0.6442025541959877	0.006021379973733447	4.0234159894329444e-07
V3	4:Del:R:3	0.2970444112129041	0.03331780434047794	0.11291796925552987	0.5167272145716386	0.009610724180539187	0.03038187643891029
V3	4:Del:R:4	0.2970444112129041	0.03331780434047794	0.11291796925552987	0.5167272145716386	0.009610724180539187	0.03038187643891029
V3	4:Del:R:5	0.00019959132389222735	0.12261267471417382	0.24731054559333193	0.6298581448067011	3.42207833835144e-06	1.5621483562578223e-05
V3	5:Del:R:0	0.0018966168126790372	1.1247838826682801e-17	0.0016688342341054853	0.9939843226092135	9.700006237583979e-05	0.002353226281626072
V3	5:Del:R:1	7.506984737164491e-06	0.011546869651901808	1.2381990422619655e-06	0.9369064117593443	0.05153739404108402	5.793638904592934e-07
V3	5:Del:R:2	0.1478361627726378	0.030506662328270793	0.0	0.8176138472744598	0.0026713438755644413	0.0013719837490672427
V3	5:Del:R:3	0.0031209349023664074	0.0003780662517790372	0.9913620818891363	0.0046358093118638215	9.232414082042264e-05	0.0004107835040341028
V3	5:Del:R:4	0.2970444112129041	0.03331780434047794	0.11291796925552987	0.5167272145716386	0.009610724180539187	0.03038187643891029
V3	5:Del:R:5	0.2970444112129041	0.03331780434047794	0.11291796925552987	0.5167272145716386	0.009610724180539187	0.03038187643891029
V3	2:Ins:R:0	0.05372987527895531	0.11883856434179048	0.24413046792878176	0.5639148818348622	0.0170190545486669	0.002367156066943372
V3	2:Ins:R:1	0.8674100597170504	0.004743016690605008	0.0	0.12717606546601	7.004925874501804e-09	0.0006708511214086938
V3	2:Ins:R:2	0.4598364427971948	0.02806197857113291	0.03698776740214928	0.4523519255762846	0.022761679423879556	2.0622935871750508e-07
V3	2:Ins:R:3	0.4446376929074152	0.027861592449743098	0.14225931307005021	0.3852410561520959	3.4542069552707463e-07	0.0
V3	2:Ins:R:4	0.2547469916643988	0.01819604522569736	0.6489787911729025	0.0	0.07807817193700131	0.0
V3	2:Ins:R:5	0.015375181570454583	0.007296436662423984	0.5198433757153788	0.39540533053312593	0.05313037882746099	0.00894929669115578
V3	3:Ins:R:0	0.977850271391277	0.0008358854188085722	0.0003027741562277007	0.020752675420752632	2.8899360208305875e-09	0.0002583907229981768
V3	3:Ins:R:1	1.9249134686761e-05	0.041929237096939215	0.10957970750207946	0.8249344220378056	0.023537000929275062	3.8329921386995467e-07
V3	3:Ins:R:2	0.0037353070789657447	0.6691800015746302	0.0023529754502579145	0.005266933336917999	0.31903988158376806	0.0004249009754599949
V3	3:Ins:R:3	0.9999991702027468	2.8932919363177674e-08	3.694079457796421e-07	3.8248190866788755e-07	3.393654129185275e-08	1.503793830775152e-08
V3	3:Ins:R:4	0.9337975027178748	2.5535124130159207e-05	0.03956906268955687	0.00012713961655696034	0.026478135788424312	2.624063456876021e-06
V3	3:Ins:R:5	1.9318379489724262e-05	1.1034248110806193e-06	0.04204424918455389	0.9042956624540391	0.05363966655710623	0.0
V3	4:Ins:R:0	0.0004946525415452754	0.12211184936659339	0.0008403299528793838	0.8764367844065772	1.528665608483279e-05	0.00010109707631990153
V3	4:Ins:R:1	0.33416221769180093	0.04928725260774614	0.16451311648688666	0.43165706970285017	0.01103849798880715	0.009341845521909
V3	4:Ins:R:2	0.00037481906034075033	4.9798801505992354e-05	0.0001996298217347443	0.9992394059212056	0.00010250115172631034	3.3845243486548746e-05
V3	4:Ins:R:3	0.2970444112129041	0.03331780434047794	0.11291796925552987	0.5167272145716386	0.009610724180539187	0.03038187643891029
V3	4:Ins:R:4	0.0016964118529091052	0.0002075977191683414	0.9947144236109334	0.0028003765972510484	5.6628292591920053e-05	0.0005245619271461702
V3	4:Ins:R:5	0.18818076701864994	0.007890947585731724	0.12444067252747883	0.6332747697283766	0.036047227819232815	0.010165615320530157
V3	5:Ins:R:0	8.13156183285645e-05	0.045034484246464064	6.7143374605405165e-06	0.9548755065769984	9.383668592256441e-07	1.040853889216134e-06
V3	5:Ins:R:1	0.029050183248433253	0.01631225493506265	0.015078954049072356	0.9304353547228513	0.0	0.009123253044580427
V3	5:Ins:R:2	0.056591959615907454	0.00012084004448327186	0.011257224110230227	0.9319953414789613	9.13611635882986e-06	2.5498634058886584e-05
V3	5:Ins:R:3	0.00018024765891735023	0.007942415695783923	0.11591581284720874	0.8759435090895428	1.7495894965227233e-06	1.626511905071816e-05
V3	5:Ins:R:4	0.0003926328071889589	0.417199419640484	0.5823566994680459	0.0	0.0	5.12480842810502e-05
V3	5:Ins:R:5	0.0011225791067709459	8.43183010011333e-05	0.04423715028297353	0.9545076363842903	1.1629777410897572e-05	3.668614755323931e-05
V3	2:Del:M:1	0.043274801091656795	0.06202197850496516	0.11175293729994254	0.7819081608377269	0.0	0.0010421222657086124
V3	3:Del:M:1	0.013343704415887054	0.01772831098138828	0.007211149121907414	0.9594126054877223	0.0021628663688757696	0.0001413636242191775
V3	3:Del:M:2	0.019292391087154404	0.016531749142870453	0.01340331077062396	0.9368662157259324	0.00838260135002209	0.005523731923396726
V3	4:Del:M:1	0.005885022789873621	0.023587541900083706	0.0570959253403565	0.9123852437314574	3.280600061101586e-05	0.0010134602376175794
V3	4:Del:M:2	0.05397714681284139	0.010534238325275207	0.009776725840528277	0.878092177140487	0.0011485715389642694	0.046471140341903805
V3	4:Del:M:3	0.07299224075988717	0.01793057005258969	0.020805113763469153	0.00738531083513249	0.0002504557049915078	0.8806363088839301
V3	5:Del:M:1	0.0001788714850645509	5.517040710118285e-08	9.664433374050854e-08	0.9998207972234254	1.788216147721404e-08	1.6159460777845818e-07
V3	5:Del:M:2	3.3437483156348935e-07	0.0	0.0005805799729623905	0.8912086673669798	0.00020251485751453856	0.10800790342771173
V3	5:Del:M:3	0.0002048529808729801	0.0004969829683633879	0.0	0.9968689867997335	2.3259622777596434e-06	0.0024268512887524792
V3	5:Del:M:4	4.313148520538298e-06	0.0034749062984255332	7.163509940406518e-09	0.9934648940037005	0.0004409895970901737	0.002614889788753225
V3	5:Del:M:5	0.0	0.0009428974947297683	0.00045213903951789476	0.9961618326687507	0.0024431307970017788	0.0
V4	1:Del:C:0	3.5231244676792236e-05	0.9072844491021564	0.0009868747184249933	0.08594871756743455	0.005652990278871952	9.173708843535643e-05
V4	1:Del:C:1	4.967045953374132e-05	0.82592843739428	4.295924788437959e-07	0.17316195754914962	0.00025641791218378553	0.0006030870923739618
V4	1:Del:C:2	4.105229908556881e-46	0.44685621195841363	0.04634038732962173	0.4992780043947844	0.006976607959284026	0.0005487883578961023
V4	1:Del:C:3	0.0029259423235583463	0.5395135964348705	0.21005497435409273	0.19761716401023557	0.040856177085602595	0.009032145791640071
V4	1:Del:C:4	0.0	0.7596360021959696	0.14767264636023963	0.021515523134188856	0.07117582830960198	0.0
V4	1:Del:C:5	0.001969430814916908	0.008257529896376958	0.27581797290505355	0.17490964691862967	0.5383062379813476	0.0007391814836753657
V4	1:Del:T:0	2.8894990110106937e-05	0.633681657848497	0.017427097780827384	0.31987576342902024	0.027889426040718847	0.001097159910826502
V4	1:Del:T:1	0.0007826646831869393	0.7858792435071205	0.005754414398202985	0.2058025271974899	0.001138645731652737	0.0006425044823469274
V4	1:Del:T:2	0.0001682199352657552	0.9358067605436722	0.009020355410454962	0.03281410283874348	0.021620390027696144	0.0005701712441675084
V4	1:Del:T:3	0.0005048456863967468	0.8919757245893117	0.0067815922890266675	0.04264213203818928	0.05656435384547892	0.0015313515515967787
V4	1:Del:T:4	0.0	0.8225853526750355	0.04672971916415296	0.0	0.13022024522764591	0.0004646829331654276
V4	1:Del:T:5	2.8749344263959996e-08	4.288052403914477e-07	2.950736440331093e-06	1.769126894898947e-05	0.9999788689743278	3.1465698284005245e-08
V4	1:Ins:C:0	1.0566403942441104e-07	1.4535900358446461e-06	1.6051660873043013e-05	0.9911175161055256	0.005206441005037386	0.003658431974488722
V4	1:Ins:C:1	1.3137427105484525e-06	0.043302360831502386	1.638802857193551e-05	0.9566789977579615	9.396392538267415e-07	0.0
V4	1:Ins:C:2	0.002747395424546709	0.11606980992125093	3.3202660666812095e-06	0.8635184497584732	1.3112169731717125e-06	0.0176597134126893
V4	1:Ins:C:3	8.693709965928874e-07	9.385397660835211e-05	0.26507932842921467	0.6521642707848424	0.022004300522762903	0.06065737691557501
V4	1:Ins:C:4	4.4323391462858654e-08	1.5378570770309148e-06	0.25269633361745186	0.16089297525337543	0.574683433039868	0.011725675908836193
V4	1:Ins:C:5	0.013446564819281201	0.0	0.8910351373865215	0.02480262307361662	0.06217907320104444	0.008536601519536103
V4	1:Ins:T:0	0.0005385426630526887	0.6673112784787082	0.03811511272931945	0.2537388099572465	0.03051916955599822	0.009777086615674916
V4	1:Ins:T:1	7.927818847823922e-08	0.7305053494288148	5.026154513327078e-07	0.24782096615381777	0.01947110143110172	0.002202001092625684
V4	1:Ins:T:2	0.00032962243782042353	0.26588455444493025	0.44537380667378573	0.2777205114071004	0.010691505036363198	0.0
V4	1:Ins:T:3	2.5568016764248447e-05	0.17186594169329839	0.7208453848851658	0.022941919880500906	0.06532850649517767	0.018992679029092796
V4	1:Ins:T:4	0.033195073572555946	0.01235321626416791	0.9067361088891533	0.02508791278304518	0.011709081750617883	0.010918606740459625
V4	1:Ins:T:5	2.0737229069361406e-08	0.00013467772006689076	0.9991266640107285	0.0006567952454805578	8.175198330595153e-05	9.030318908615037e-08
V4	2:Del:R:0	3.850879898347735e-05	0.47060599794180397	0.09836707665143586	0.4268103078685794	0.0041781087391974244	0.0
V4	2:Del:R:1	4.69952220410034e-05	0.13619437441426285	4.062737338717237e-07	0.7974060498470114	0.06598283778954266	0.00036933645340835394
V4	2:Del:R:2	0.006622157535296459	0.1053578146502193	0.2429275558949205	0.16012443500725393	0.3986726995532522	0.08629533735905769
V4	2:Del:R:3	1.5458999112456573e-05	0.00019251511340981028	0.5033892184560644	0.0018253770651428414	0.00038734492813655174	0.49419008543813386
V4	2:Del:R:4	0.007718112847836715	0.1244960104927118	0.36621452432644935	0.4657167082123065	0.03585269681323162	1.9473074639324597e-06
V4	2:Del:R:5	3.2247035163033795e-06	0.14260551497510143	0.00011344936798509845	0.8505869527723021	0.00668629259038198	4.565590713012463e-06
V4	3:Del:R:0	2.3453240332190557e-05	0.27341913743947766	1.7859944600459045e-06	0.7226831790138207	3.40974475194429e-07	0.00387210333743413
V4	3:Del:R:1	0.0	0.47275262378744465	0.3527989095049743	0.11152847923194785	0.06291998747563333	0.0
V4	3:Del:R:2	4.9928431423466555e-08	0.0012003731194386912	2.0956650882042607e-05	1.2812480639642343e-05	4.1946974157411855e-06	0.9987616131231924
V4	3:Del:R:3	3.1444721610463993e-07	0.2304433445707256	0.7695466388679008	0.0	4.999750347040048e-06	4.702363810575785e-06
V4	3:Del:R:4	0.007508132568557393	0.19143762451507426	0.3673540290613584	0.33087520188616515	0.06634804253172191	0.03647696943712291
V4	3:Del:R:5	0.002295610575888813	0.002322172657697982	1.8434531693006148e-44	5.2014515206074574e-05	1.0345181257374436e-08	0.995330191906026
V4	4:Del:R:0	0.13815298302232068	0.15770780679138113	0.029013275936917764	0.6683286257956438	0.0	0.006797308453736667
V4	4:Del:R:1	0.0	0.5450611822195829	0.05751303256640779	0.33789853511203316	0.05935600775235685	0.00017124234961924832
V4	4:Del:R:2	0.0006428721668532384	0.5163052772947089	0.23829465121972926	0.22235012601918	0.022406812917415572	2.6038211306298716e-07
V4	4:Del:R:3	0.007508132568557393	0.19143762451507426	0.3673540290613584	0.33087520188616515	0.06634804253172191	0.03647696943712291
V4	4:Del:R:4	0.007508132568557393	0.19143762451507426	0.3673540290613584	0.33087520188616515	0.06634804253172191	0.03647696943712291
V4	4:Del:R:5	2.6379323931703615e-06	0.3683814433117715	0.42070322332421173	0.21089053536558258	1.2353027368244036e-05	9.807038672754851e-06
V4	5:Del:R:0	7.427256783477528e-05	1.0012863697461882e-16	0.008411496045189926	0.9860994469373956	0.0010374861574043962	0.004377298292175241
V4	5:Del:R:1	1.8565029467773518e-07	0.0649134587350985	3.941229961182552e-06	0.5869737216474534	0.34810801216352155	6.805736705049705e-07
V4	5:Del:R:2	0.005170847026315166	0.2425582663831749	0.0	0.7244719648173388	0.025519505810876704	0.002279415962294453
V4	5:Del:R:3	2.441107733576999e-05	0.0006722185996142543	0.9980349318516254	0.0009185866672022776	0.00019723272069453176	0.0001526190835276656
V4	5:Del:R:4	0.007508132568557393	0.19143762451507426	0.3673540290613584	0.33087520188616515	0.06634804253172191	0.03647696943712291
V4	5:Del:R:5	0.007508132568557393	0.19143762451507426	0.3673540290613584	0.33087520188616515	0.06634804253172191	0.03647696943712291
V4	2:Ins:R:0	0.0006929592337282821	0.34840921006445635	0.4052518807714448	0.1842458638422587	0.05994993799688654	0.0014501480912253995
V4	2:Ins:R:1	0.16683335604136199	0.20737359721761606	0.0	0.6196638400654902	3.6797933477780877e-07	0.006128838696196954
V4	2:Ins:R:2	0.01570695050186751	0.21789494425671038	0.16261395328937153	0.3914328493652702	0.21235096798165487	3.346051254896448e-07
V4	2:Ins:R:3	0.01275939757364199	0.1817482365829225	0.5254311341021248	0.2800585244580217	2.707283289157028e-06	0.0
V4	2:Ins:R:4	0.0023318645634177633	0.037862705440444615	0.7646029417047016	0.0	0.195202488291436	0.0
V4	2:Ins:R:5	0.00016437689819265465	0.01773257156865653	0.7153263841000183	0.10709159457764972	0.15514039563284593	0.004544677222637045
V4	3:Ins:R:0	0.5604228469795165	0.10890068148270518	0.022334358131044476	0.3013074726033586	4.523693312500781e-07	0.007034188434044053
V4	3:Ins:R:1	3.777132071716676e-07	0.18702871781153443	0.2767529750095831	0.41007446101991185	0.12614311118732324	3.5725844004544895e-07
V4	3:Ins:R:2	1.5582158692160698e-05	0.6345774604612509	0.0012633681091947962	0.0005566105980922012	0.3635027843806582	8.419429211171455e-05
V4	3:Ins:R:3	0.999926209172556	6.57659269199151e-06	4.754290850187869e-05	9.688834726723012e-06	9.268241569981729e-06	7.142499533600845e-07
V4	3:Ins:R:4	0.07038121233996775	0.0004375043599058821	0.3838583568919687	0.00024276007899612636	0.5450707718657757	9.394463385995598e-06
V4	3:Ins:R:5	4.495685761161598e-07	5.837251104241048e-06	0.1259340172729824	0.5331237614349474	0.3409359344723897	0.0
V4	4:Ins:R:0	9.877378241306071e-06	0.5542932950824592	0.0021597450421868437	0.4433578213521906	8.33710726863634e-05	9.589007223567785e-05
V4	4:Ins:R:1	0.0070937480769261915	0.2378446590340598	0.44950046784004416	0.2321398034591153	0.06400145596208504	0.009419865627769478
V4	4:Ins:R:2	1.4767669071015364e-05	0.0004460150891557628	0.001012341183451979	0.9973605229253695	0.0011030126257701495	6.33405071814864e-05
V4	4:Ins:R:3	0.007508132568557393	0.19143762451507426	0.3673540290613584	0.33087520188616515	0.06634804253172191	0.03647696943712291
V4	4:Ins:R:4	1.3233616693893018e-05	0.00036813762607119287	0.9987501793712644	0.0005534215039721132	0.00012065412509052348	0.0001943737569078542
V4	4:Ins:R:5	0.00424118004017986	0.04042788389772113	0.3609815670322314	0.3615730042383539	0.2218936122119579	0.010882752579555826
V4	5:Ins:R:0	2.3618532772697178e-06	0.29734765389553364	2.5101132315376726e-05	0.7026160029780066	7.444114794224261e-06	1.4360260728125507e-06
V4	5:Ins:R:1	0.0009787017367401383	0.12492687015254622	0.06538586934811542	0.7941088291379399	0.0	0.01459972962465834
V4	5:Ins:R:2	0.002250425152677012	0.001092348190992524	0.05761722725910737	0.9388926079408992	9.922769821864652e-05	4.8163758105180174e-05
V4	5:Ins:R:3	4.631595658926075e-06	0.04639316437993633	0.3833671465079267	0.570202926293049	1.227887625350371e-05	1.9852347175470598e-05
V4	5:Ins:R:4	2.3123777254198383e-06	0.5585425512824314	0.4414407998299959	0.0	0.0	1.4336509847438937e-05
V4	5:Ins:R:5	3.75446797930264e-05	0.0006410526110123819	0.19042755616111887	0.8087293313358966	0.0001062341889666298	5.8281023212414656e-05
V4	2:Del:M:1	0.0008944082154905012	0.2913980841911805	0.2972835292299386	0.40940089037932287	0.0	0.0010230879840673684
V4	3:Del:M:1	0.0004466649436667571	0.13490038626985842	0.031068560654626792	0.8135855248301759	0.0197740941348187	0.00022476916685350797
V4	3:Del:M:2	0.0006069028621491947	0.11822036929576803	0.05426957463738703	0.7466258878207691	0.07202336294134079	0.008253902442585661
V4	4:Del:M:1	0.00016398532817110594	0.14941008251060342	0.2047732211840535	0.6440616414752112	0.00024967300437173426	0.0013413964975891959
V4	4:Del:M:2	0.0018957256670670294	0.08410253415699447	0.04419470146069951	0.7812643573406866	0.011017551028176368	0.07752513034637604
V4	4:Del:M:3	0.0014923011886566388	0.0833324714965708	0.054747095761890956	0.003825083368487729	0.001398531239564785	0.8552045169448291
V4	5:Del:M:1	7.06192170472353e-06	4.951403859095938e-07	4.910993777061338e-07	0.9999914559719638	1.9282496097390368e-07	3.0304160672784106e-07
V4	5:Del:M:2	1.2011582499212297e-08	0.0	0.0026843546958847143	0.8110327413448284	0.0019869410986866356	0.18429595084901773
V4	5:Del:M:3	8.03877638363133e-06	0.0044333247195400445	0.0	0.9910101046171064	2.492939744357112e-05	0.004523602489526379
V4	5:Del:M:4	1.6460918856428378e-07	0.030146933011281664	3.518817399386344e-08	0.9605158231908639	0.0045967349194463505	0.004740309081045519
V4	5:Del:M:5	0.0	0.008188474127946528	0.0022232143242981103	0.964096171525766	0.025492140021989386	0.0
V5	1:Del:C:0	0.007744215942124305	0.8976999145377693	0.0006148694491447724	0.0	0.09090027275137581	0.0030407273195856782
