Sample Names	MutationType	ID83A	ID83B	ID83C	ID83D	ID83E
X01b0848c.ae36.4ade.a3da.d297b003c99f..Panc.AdenoCA..DO51493	1:Del:C:0	0.0028954376088150113	0.0067296384419183106	0.3389071589925708	0.6500598900144593	0.0014078749422364893
X01b0848c.ae36.4ade.a3da.d297b003c99f..Panc.AdenoCA..DO51493	1:Del:C:1	0.0018782546584041491	0.029317241944541838	0.39256775603913385	0.5753715293194465	0.0008652180384737463
X01b0848c.ae36.4ade.a3da.d297b003c99f..Panc.AdenoCA..DO51493	1:Del:C:2	0.005483668248348761	0.042988605203422244	0.3161944101443107	0.634531169099951	0.0008021473039674405
X01b0848c.ae36.4ade.a3da.d297b003c99f..Panc.AdenoCA..DO51493	1:Del:C:3	0.037293874076223164	0.03245489331468825	0.34542798901350463	0.584823236160579	7.43500492806517e-09
X01b0848c.ae36.4ade.a3da.d297b003c99f..Panc.AdenoCA..DO51493	1:Del:C:4	0.17512209355305555	0.022959804541642502	0.1599939400624231	0.6419241349699227	2.6872956178578316e-08
X01b0848c.ae36.4ade.a3da.d297b003c99f..Panc.AdenoCA..DO51493	1:Del:C:5	0.49118818463358765	0.1157520511205952	0.07937292087907168	0.31199988237472454	0.0016869609920210974
X01b0848c.ae36.4ade.a3da.d297b003c99f..Panc.AdenoCA..DO51493	1:Del:T:0	0.0060933877500348585	0.023574856159365963	0.4320472871253952	0.5370294188413445	0.0012550501238594862
X01b0848c.ae36.4ade.a3da.d297b003c99f..Panc.AdenoCA..DO51493	1:Del:T:1	0.012733206572831446	0.05085401365373991	0.5162010448425949	0.4188037341343106	0.0014080007965232052
X01b0848c.ae36.4ade.a3da.d297b003c99f..Panc.AdenoCA..DO51493	1:Del:T:2	0.014829885353922635	0.014683614719776297	0.3846509404759633	0.5850879589525544	0.0007476004977833382
X01b0848c.ae36.4ade.a3da.d297b003c99f..Panc.AdenoCA..DO51493	1:Del:T:3	0.06257882853592571	0.04514837130784781	0.26359622566670826	0.6276803248499548	0.0009962496395633823
X01b0848c.ae36.4ade.a3da.d297b003c99f..Panc.AdenoCA..DO51493	1:Del:T:4	0.1824838127227361	0.032709138030192854	0.18788987322569098	0.5931697455645074	0.003747430456872772
X01b0848c.ae36.4ade.a3da.d297b003c99f..Panc.AdenoCA..DO51493	1:Del:T:5	0.7103347265150275	0.13691566632898694	3.4444551951544966e-05	0.14822192631827663	0.004493236285757195
X01b0848c.ae36.4ade.a3da.d297b003c99f..Panc.AdenoCA..DO51493	1:Ins:C:0	0.005934163278464448	0.003914096288159924	0.08147607822103779	0.43409820174576425	0.4745774604665736
X01b0848c.ae36.4ade.a3da.d297b003c99f..Panc.AdenoCA..DO51493	1:Ins:C:1	0.020929242811624643	0.058018610741873713	0.005849048188619555	0.3920710808454342	0.5231320174124479
X01b0848c.ae36.4ade.a3da.d297b003c99f..Panc.AdenoCA..DO51493	1:Ins:C:2	0.05619966001972297	0.4280869817504123	0.012796962146958546	0.13542598043775012	0.3674904156451561
X01b0848c.ae36.4ade.a3da.d297b003c99f..Panc.AdenoCA..DO51493	1:Ins:C:3	0.07635120976107528	0.30152897197577877	0.11815052422758025	0.1364376020526687	0.3675316919828971
X01b0848c.ae36.4ade.a3da.d297b003c99f..Panc.AdenoCA..DO51493	1:Ins:C:4	0.08414134807816684	0.22363991512629397	0.035298197609805966	0.2070884536132949	0.4498320855724383
X01b0848c.ae36.4ade.a3da.d297b003c99f..Panc.AdenoCA..DO51493	1:Ins:C:5	0.1377980917016255	0.531791447479623	0.2952404380390299	0.0	0.03517002277972149
X01b0848c.ae36.4ade.a3da.d297b003c99f..Panc.AdenoCA..DO51493	1:Ins:T:0	0.034624788688580675	0.7041421594798469	0.09809935916474688	0.09812771358075653	0.06500597908606885
X01b0848c.ae36.4ade.a3da.d297b003c99f..Panc.AdenoCA..DO51493	1:Ins:T:1	0.028885044453458346	0.721941678040185	0.13405610301182047	0.06420172951263325	0.05091544498190289
X01b0848c.ae36.4ade.a3da.d297b003c99f..Panc.AdenoCA..DO51493	1:Ins:T:2	0.03588156445861227	0.7970820115346483	0.11278212047918951	0.00293802529989697	0.051316278227652876
X01b0848c.ae36.4ade.a3da.d297b003c99f..Panc.AdenoCA..DO51493	1:Ins:T:3	0.026746348132217136	0.731582120138525	0.11296822860654578	0.0875265636916119	0.04117673943110028
X01b0848c.ae36.4ade.a3da.d297b003c99f..Panc.AdenoCA..DO51493	1:Ins:T:4	0.04135903977529377	0.73053707363671	0.009489385831488848	0.1923960241354863	0.026218476621020975
X01b0848c.ae36.4ade.a3da.d297b003c99f..Panc.AdenoCA..DO51493	1:Ins:T:5	0.043183800474898955	0.7677231300319383	0.046963099982516666	0.12811485168504833	0.014015117825597962
X01b0848c.ae36.4ade.a3da.d297b003c99f..Panc.AdenoCA..DO51493	2:Del:R:0	0.014907845359821419	0.01735783989720817	0.447585408634116	0.520148892708203	1.3400651461725954e-08
X01b0848c.ae36.4ade.a3da.d297b003c99f..Panc.AdenoCA..DO51493	2:Del:R:1	0.03622673047817426	0.04031061472844829	0.5165162028962671	0.40377571407128265	0.003170737825827702
X01b0848c.ae36.4ade.a3da.d297b003c99f..Panc.AdenoCA..DO51493	2:Del:R:2	0.03700555604512296	0.0369897361742396	0.5619011990991134	0.362293085055874	0.0018104236256501038
X01b0848c.ae36.4ade.a3da.d297b003c99f..Panc.AdenoCA..DO51493	2:Del:R:3	0.25834603483042434	0.011276849064171368	0.28065699911685593	0.4497198426829987	2.7430554961673806e-07
X01b0848c.ae36.4ade.a3da.d297b003c99f..Panc.AdenoCA..DO51493	2:Del:R:4	0.36637962952921865	0.013895986428728326	0.23377762321075077	0.3859456697652836	1.0910660186472621e-06
X01b0848c.ae36.4ade.a3da.d297b003c99f..Panc.AdenoCA..DO51493	2:Del:R:5	0.09473479959792676	0.0	0.7158315350528507	0.1894335401881302	1.25161092275184e-07
X01b0848c.ae36.4ade.a3da.d297b003c99f..Panc.AdenoCA..DO51493	3:Del:R:0	0.002320550444335682	0.029344222455447565	0.2035782884789883	0.763823091986505	0.0009338466347235814
X01b0848c.ae36.4ade.a3da.d297b003c99f..Panc.AdenoCA..DO51493	3:Del:R:1	0.026647786533650807	0.023091646828639137	0.6393003113043078	0.3095625785085065	0.0013976768248958823
X01b0848c.ae36.4ade.a3da.d297b003c99f..Panc.AdenoCA..DO51493	3:Del:R:2	0.028536494604032094	0.030200512521049005	0.7128898270294951	0.22567980074514069	0.002693365100283
X01b0848c.ae36.4ade.a3da.d297b003c99f..Panc.AdenoCA..DO51493	3:Del:R:3	0.038151495021989966	0.22778286758938018	0.6714019349459401	0.05038488127423344	0.012278821168456243
X01b0848c.ae36.4ade.a3da.d297b003c99f..Panc.AdenoCA..DO51493	3:Del:R:4	0.008409821823939944	0.0016038061809096416	0.7953314508499777	0.19465453231454302	3.888306297341723e-07
X01b0848c.ae36.4ade.a3da.d297b003c99f..Panc.AdenoCA..DO51493	3:Del:R:5	0.010722770333177745	0.049282041066110366	0.9398614964518479	0.00013350796578732204	1.8418307672088686e-07
X01b0848c.ae36.4ade.a3da.d297b003c99f..Panc.AdenoCA..DO51493	4:Del:R:0	0.00049453467927679	0.0067982116665289034	0.23237011786239475	0.760337059199115	7.659268453223176e-08
X01b0848c.ae36.4ade.a3da.d297b003c99f..Panc.AdenoCA..DO51493	4:Del:R:1	0.014568375475517219	0.0493314021628144	0.6138289443052044	0.32024695352306365	0.002024324533400468
X01b0848c.ae36.4ade.a3da.d297b003c99f..Panc.AdenoCA..DO51493	4:Del:R:2	0.02124083621319979	0.0029285318051531163	0.6957917822334284	0.28003837026658884	4.794816298532991e-07
X01b0848c.ae36.4ade.a3da.d297b003c99f..Panc.AdenoCA..DO51493	4:Del:R:3	0.008067807308682624	0.021285579303066546	0.4747462143164232	0.49590011320821026	2.858636174913435e-07
X01b0848c.ae36.4ade.a3da.d297b003c99f..Panc.AdenoCA..DO51493	4:Del:R:4	0.013641242227105726	0.019581102803586884	0.6803150150731357	0.28646208462764244	5.552685291578819e-07
X01b0848c.ae36.4ade.a3da.d297b003c99f..Panc.AdenoCA..DO51493	4:Del:R:5	0.05660781875976271	0.1867927323623611	0.5557467645424116	0.20085209153739342	5.927980711253161e-07
X01b0848c.ae36.4ade.a3da.d297b003c99f..Panc.AdenoCA..DO51493	5:Del:R:0	0.00017782867609150444	0.005082904227080287	0.10476624108310599	0.8894474567586423	0.0005255692550798627
X01b0848c.ae36.4ade.a3da.d297b003c99f..Panc.AdenoCA..DO51493	5:Del:R:1	0.004818755394288636	0.099454401806085	0.14850753297967287	0.7449469975957304	0.0022723122242230757
X01b0848c.ae36.4ade.a3da.d297b003c99f..Panc.AdenoCA..DO51493	5:Del:R:2	0.008497939705722135	0.14814117281236208	0.24816509911375798	0.5951957190721793	6.929597848825563e-08
X01b0848c.ae36.4ade.a3da.d297b003c99f..Panc.AdenoCA..DO51493	5:Del:R:3	0.02542430631715269	0.013512795460144127	0.44761767371679134	0.5134434690275865	1.7554783253161557e-06
X01b0848c.ae36.4ade.a3da.d297b003c99f..Panc.AdenoCA..DO51493	5:Del:R:4	0.08824875938228956	0.13109748931117485	0.03861061101529054	0.7420398100526201	3.330238624859353e-06
X01b0848c.ae36.4ade.a3da.d297b003c99f..Panc.AdenoCA..DO51493	5:Del:R:5	0.0033541755738913403	0.08667761359349203	0.41875466815340034	0.4912121293319974	1.4133472188232403e-06
X01b0848c.ae36.4ade.a3da.d297b003c99f..Panc.AdenoCA..DO51493	2:Ins:R:0	0.05849129410990934	0.5185440904040796	0.1302766301420608	0.28918141751066545	0.003506567833284927
X01b0848c.ae36.4ade.a3da.d297b003c99f..Panc.AdenoCA..DO51493	2:Ins:R:1	0.021617331294705538	0.6060527604448018	0.1688379850530018	0.2004696213919509	0.0030223018155399006
X01b0848c.ae36.4ade.a3da.d297b003c99f..Panc.AdenoCA..DO51493	2:Ins:R:2	0.17505898446687346	0.5169795452299318	0.007503535245437352	0.30045521262686925	2.722430888041046e-06
X01b0848c.ae36.4ade.a3da.d297b003c99f..Panc.AdenoCA..DO51493	2:Ins:R:3	0.29197134813257153	0.4331492244220341	0.2748674862476485	0.0	1.1941197745794416e-05
X01b0848c.ae36.4ade.a3da.d297b003c99f..Panc.AdenoCA..DO51493	2:Ins:R:4	0.30448423281571774	0.5954454388728462	0.09784201743321326	0.0022046752275036723	2.363565071918445e-05
X01b0848c.ae36.4ade.a3da.d297b003c99f..Panc.AdenoCA..DO51493	2:Ins:R:5	0.078479726187615	0.5918011260559817	0.3296628137514486	0.0	5.6334004954819466e-05
X01b0848c.ae36.4ade.a3da.d297b003c99f..Panc.AdenoCA..DO51493	3:Ins:R:0	0.01796000616167407	0.2567295724637778	0.3161966541528702	0.4047659063427966	0.004347860878881408
X01b0848c.ae36.4ade.a3da.d297b003c99f..Panc.AdenoCA..DO51493	3:Ins:R:1	0.03190813870181781	0.31071282072866163	0.3796936872215247	0.27768452224464435	8.311033515881646e-07
X01b0848c.ae36.4ade.a3da.d297b003c99f..Panc.AdenoCA..DO51493	3:Ins:R:2	0.052980503077050836	0.4670241659879281	0.45712978908577634	7.288171207025317e-05	0.022792660137174316
X01b0848c.ae36.4ade.a3da.d297b003c99f..Panc.AdenoCA..DO51493	3:Ins:R:3	0.5481633946530625	0.09812101635438417	0.07400658693223237	0.0011858739710530163	0.2785231280892678
X01b0848c.ae36.4ade.a3da.d297b003c99f..Panc.AdenoCA..DO51493	3:Ins:R:4	0.001541349688056786	0.039552034701749575	0.7663590407164599	0.18805929769468097	0.00448827719905292
X01b0848c.ae36.4ade.a3da.d297b003c99f..Panc.AdenoCA..DO51493	3:Ins:R:5	0.0015413494577123446	0.0395520724653451	0.7663590252021991	0.18805927599401265	0.004488276880730875
X01b0848c.ae36.4ade.a3da.d297b003c99f..Panc.AdenoCA..DO51493	4:Ins:R:0	0.003699853681329559	0.2936350369250419	0.26668560442523637	0.4334004011987218	0.002579103769670335
X01b0848c.ae36.4ade.a3da.d297b003c99f..Panc.AdenoCA..DO51493	4:Ins:R:1	0.013364743768940415	0.025376401607608547	0.2649936336744786	0.6962635725432765	1.6484056958752508e-06
X01b0848c.ae36.4ade.a3da.d297b003c99f..Panc.AdenoCA..DO51493	4:Ins:R:2	0.00012501191640926896	0.9425612777654011	0.05436607016063012	0.0027880339168901806	0.00015960624066921287
X01b0848c.ae36.4ade.a3da.d297b003c99f..Panc.AdenoCA..DO51493	4:Ins:R:3	1.8424584272921476e-05	0.9343845105352556	0.00864479144375681	0.0020593529444269676	0.05489292049228761
X01b0848c.ae36.4ade.a3da.d297b003c99f..Panc.AdenoCA..DO51493	4:Ins:R:4	2.198689197836958e-06	4.638558212536486e-05	0.005790867673108939	0.9941482058459388	1.2342209629232563e-05
X01b0848c.ae36.4ade.a3da.d297b003c99f..Panc.AdenoCA..DO51493	4:Ins:R:5	0.0015413497538286371	0.03955205424435694	0.7663590293779399	0.1880592894009135	0.00448827722296099
X01b0848c.ae36.4ade.a3da.d297b003c99f..Panc.AdenoCA..DO51493	5:Ins:R:0	0.0	0.12740184025203724	0.29798010643678147	0.5713331272770487	0.0032849260341324695
X01b0848c.ae36.4ade.a3da.d297b003c99f..Panc.AdenoCA..DO51493	5:Ins:R:1	0.0	0.04103480737710562	0.1370019834620018	0.8219604512647497	2.7578961429074303e-06
X01b0848c.ae36.4ade.a3da.d297b003c99f..Panc.AdenoCA..DO51493	5:Ins:R:2	3.913038665899932e-05	0.9889491598111118	0.008628588072066687	0.0021159207092442647	0.0002672010209182342
X01b0848c.ae36.4ade.a3da.d297b003c99f..Panc.AdenoCA..DO51493	5:Ins:R:3	0.0015413497538286371	0.03955205424435694	0.7663590293779399	0.1880592894009135	0.00448827722296099
X01b0848c.ae36.4ade.a3da.d297b003c99f..Panc.AdenoCA..DO51493	5:Ins:R:4	0.001541349688056786	0.039552034701749575	0.7663590407164599	0.18805929769468097	0.00448827719905292
X01b0848c.ae36.4ade.a3da.d297b003c99f..Panc.AdenoCA..DO51493	5:Ins:R:5	0.0015413494577123446	0.0395520724653451	0.7663590252021991	0.18805927599401265	0.004488276880730875
X01b0848c.ae36.4ade.a3da.d297b003c99f..Panc.AdenoCA..DO51493	2:Del:M:1	0.02726721136887028	0.05180787074347836	0.6549704343331341	0.2648148078669689	0.0011396756875482663
X01b0848c.ae36.4ade.a3da.d297b003c99f..Panc.AdenoCA..DO51493	3:Del:M:1	0.0008939575455926104	0.0015148725414996954	0.24576171616829093	0.7508665824335949	0.0009628713110217481
X01b0848c.ae36.4ade.a3da.d297b003c99f..Panc.AdenoCA..DO51493	3:Del:M:2	0.014727691909386028	0.023807301148785282	0.4439193338903367	0.5157482254534113	0.0017974475980808635
X01b0848c.ae36.4ade.a3da.d297b003c99f..Panc.AdenoCA..DO51493	4:Del:M:1	0.0020197840661169983	0.003126731239631794	0.26476919577247765	0.7300841924576055	9.646416807147636e-08
X01b0848c.ae36.4ade.a3da.d297b003c99f..Panc.AdenoCA..DO51493	4:Del:M:2	0.0025178349255225354	0.025242365906150574	0.23584650120455916	0.7363932918497387	6.114029061693566e-09
X01b0848c.ae36.4ade.a3da.d297b003c99f..Panc.AdenoCA..DO51493	4:Del:M:3	0.011126510911591673	0.019400597866125118	0.4309485144944644	0.5342674295822707	0.004256947145548105
X01b0848c.ae36.4ade.a3da.d297b003c99f..Panc.AdenoCA..DO51493	5:Del:M:1	8.442626668504476e-05	0.00441219621133248	0.058970269215381746	0.936384812785126	0.00014829552147468733
X01b0848c.ae36.4ade.a3da.d297b003c99f..Panc.AdenoCA..DO51493	5:Del:M:2	2.189016574371223e-05	0.00676159953354988	0.0032088730195300023	0.9898665786629772	0.00014105861819931176
X01b0848c.ae36.4ade.a3da.d297b003c99f..Panc.AdenoCA..DO51493	5:Del:M:3	0.00011555064375377163	0.00018238722217305185	0.002647878943651828	0.9968075314699272	0.0002466517204941384
X01b0848c.ae36.4ade.a3da.d297b003c99f..Panc.AdenoCA..DO51493	5:Del:M:4	9.78153433999841e-05	0.003721473649981098	0.0002731592367709208	0.9959075504587698	1.3110782531519364e-09
X01b0848c.ae36.4ade.a3da.d297b003c99f..Panc.AdenoCA..DO51493	5:Del:M:5	0.00035554739914286536	0.008471271992575817	0.008516608730123477	0.9824258785246106	0.000230693353547295
X02c97e2b.914e.4afc.bf50.78f0cfbfa67b..Panc.AdenoCA..DO35184	1:Del:C:0	0.0034370049075460414	0.011678592536314553	0.8934958668180069	0.08792518092581993	0.003463354812312619
X02c97e2b.914e.4afc.bf50.78f0cfbfa67b..Panc.AdenoCA..DO35184	1:Del:C:1	0.0019088346377556917	0.04355818517933389	0.8860828315137343	0.0666279053630425	0.0018222433061335956
X02c97e2b.914e.4afc.bf50.78f0cfbfa67b..Panc.AdenoCA..DO35184	1:Del:C:2	0.006492943665058901	0.07441434262380978	0.8315158151446831	0.08560859737253503	0.0019683011939133433
X02c97e2b.914e.4afc.bf50.78f0cfbfa67b..Panc.AdenoCA..DO35184	1:Del:C:3	0.04059994193963698	0.051653640024305794	0.8352015672077834	0.07254483405429314	1.6773980700128488e-08
X02c97e2b.914e.4afc.bf50.78f0cfbfa67b..Panc.AdenoCA..DO35184	1:Del:C:4	0.27484082586821806	0.05267946118283648	0.557685948212294	0.1147936773343811	8.740227038980664e-08
X02c97e2b.914e.4afc.bf50.78f0cfbfa67b..Panc.AdenoCA..DO35184	1:Del:C:5	0.5608804363951878	0.19323416254148304	0.2012985315863494	0.04059483404929934	0.0039920354276804845
X02c97e2b.914e.4afc.bf50.78f0cfbfa67b..Panc.AdenoCA..DO35184	1:Del:T:0	0.005727286413554525	0.032394551524495156	0.9019183716032814	0.05751513238859776	0.002444658070071216
X02c97e2b.914e.4afc.bf50.78f0cfbfa67b..Panc.AdenoCA..DO35184	1:Del:T:1	0.00991533688001697	0.05789322700461725	0.8927594020295738	0.037159870707472745	0.002272163378319188
X02c97e2b.914e.4afc.bf50.78f0cfbfa67b..Panc.AdenoCA..DO35184	1:Del:T:2	0.01546684080644986	0.022388739120598904	0.8909974979019442	0.06953107467473828	0.0016158474962689193
X02c97e2b.914e.4afc.bf50.78f0cfbfa67b..Panc.AdenoCA..DO35184	1:Del:T:3	0.07945382481342053	0.08380352776072265	0.7433142023655791	0.0908071100820774	0.002621334978200302
X02c97e2b.914e.4afc.bf50.78f0cfbfa67b..Panc.AdenoCA..DO35184	1:Del:T:4	0.25241261514451946	0.06614372402526959	0.5772127922403132	0.09348881639852961	0.010742052191368083
X02c97e2b.914e.4afc.bf50.78f0cfbfa67b..Panc.AdenoCA..DO35184	1:Del:T:5	0.7582759923697752	0.21367328996251447	8.166400277221899e-05	0.018028959866346665	0.009940093798591478
X02c97e2b.914e.4afc.bf50.78f0cfbfa67b..Panc.AdenoCA..DO35184	1:Ins:C:0	0.00484193766948058	0.004669001798855334	0.14765075874112812	0.04035911635475297	0.802479185435783
X02c97e2b.914e.4afc.bf50.78f0cfbfa67b..Panc.AdenoCA..DO35184	1:Ins:C:1	0.016776451312180137	0.06799026642564858	0.010413042659820636	0.03581008515424859	0.8690101544481021
X02c97e2b.914e.4afc.bf50.78f0cfbfa67b..Panc.AdenoCA..DO35184	1:Ins:C:2	0.037782037129222415	0.42074264856290444	0.01910752477580156	0.010374033117936205	0.5119937564141354
X02c97e2b.914e.4afc.bf50.78f0cfbfa67b..Panc.AdenoCA..DO35184	1:Ins:C:3	0.049044003710067625	0.28315998083043586	0.168558831021136	0.009986148760554647	0.4892510356778058
X02c97e2b.914e.4afc.bf50.78f0cfbfa67b..Panc.AdenoCA..DO35184	1:Ins:C:4	0.05821709111017438	0.2262159317653887	0.05424246653745378	0.016326416834011665	0.6449980937529715
X02c97e2b.914e.4afc.bf50.78f0cfbfa67b..Panc.AdenoCA..DO35184	1:Ins:C:5	0.08382586025381872	0.4729432131067304	0.3988930969135088	0.0	0.04433782972594201
X02c97e2b.914e.4afc.bf50.78f0cfbfa67b..Panc.AdenoCA..DO35184	1:Ins:T:0	0.02425009143757618	0.7209737122865488	0.15259429009685016	0.00783090378650764	0.09435100239251729
X02c97e2b.914e.4afc.bf50.78f0cfbfa67b..Panc.AdenoCA..DO35184	1:Ins:T:1	0.019322441492709293	0.7060312249333061	0.1991688496412754	0.004893613299498015	0.07058387063321135
X02c97e2b.914e.4afc.bf50.78f0cfbfa67b..Panc.AdenoCA..DO35184	1:Ins:T:2	0.02302543055090172	0.7477772201574222	0.16073946153119653	0.000214825524236034	0.06824306223624353
X02c97e2b.914e.4afc.bf50.78f0cfbfa67b..Panc.AdenoCA..DO35184	1:Ins:T:3	0.018541777669811195	0.7414515752981763	0.17393583199200258	0.006913862113898227	0.05915695292611176
X02c97e2b.914e.4afc.bf50.78f0cfbfa67b..Panc.AdenoCA..DO35184	1:Ins:T:4	0.034274468625199	0.885065428390025	0.017465629859787144	0.018167297821672687	0.04502717530331614
X02c97e2b.914e.4afc.bf50.78f0cfbfa67b..Panc.AdenoCA..DO35184	1:Ins:T:5	0.03287678579609822	0.8544879644949124	0.07940925321928159	0.011113783417861215	0.022112213071846597
X02c97e2b.914e.4afc.bf50.78f0cfbfa67b..Panc.AdenoCA..DO35184	2:Del:R:0	0.01363148328109485	0.02320367359748016	0.9089709840772963	0.05419383365071348	2.5393415197534834e-08
X02c97e2b.914e.4afc.bf50.78f0cfbfa67b..Panc.AdenoCA..DO35184	2:Del:R:1	0.027976182971442866	0.045510496563961396	0.8859090399165629	0.03552985810505057	0.0050744224429823525
X02c97e2b.914e.4afc.bf50.78f0cfbfa67b..Panc.AdenoCA..DO35184	2:Del:R:2	0.02673636472230448	0.03907054684130009	0.9016567649684225	0.02982561634506213	0.002710707122910844
X02c97e2b.914e.4afc.bf50.78f0cfbfa67b..Panc.AdenoCA..DO35184	2:Del:R:3	0.27211181662052286	0.017364656726394426	0.6565492999552407	0.05397362794558771	5.987522541142075e-07
X02c97e2b.914e.4afc.bf50.78f0cfbfa67b..Panc.AdenoCA..DO35184	2:Del:R:4	0.3857072385104699	0.021386941658088972	0.5466071054956535	0.04629633396580056	2.380369986944362e-06
X02c97e2b.914e.4afc.bf50.78f0cfbfa67b..Panc.AdenoCA..DO35184	2:Del:R:5	0.055524766015250956	0.0	0.9318239894525573	0.012651092507718592	1.520244730532758e-07
X02c97e2b.914e.4afc.bf50.78f0cfbfa67b..Panc.AdenoCA..DO35184	3:Del:R:0	0.003957729448589141	0.07316620481888296	0.7711385447946326	0.14843688508593544	0.0033006358519599007
X02c97e2b.914e.4afc.bf50.78f0cfbfa67b..Panc.AdenoCA..DO35184	3:Del:R:1	0.017549295746525913	0.022232397162870374	0.9350812140002034	0.02322955911422631	0.0019075339761740536
X02c97e2b.914e.4afc.bf50.78f0cfbfa67b..Panc.AdenoCA..DO35184	3:Del:R:2	0.016912486695050757	0.026167003397295302	0.9383721837547361	0.015240299207374342	0.0033080269455434135
X02c97e2b.914e.4afc.bf50.78f0cfbfa67b..Panc.AdenoCA..DO35184	3:Del:R:3	0.020148443880644046	0.1758667906351717	0.7875142142963659	0.0030319647511195262	0.013438586436698622
X02c97e2b.914e.4afc.bf50.78f0cfbfa67b..Panc.AdenoCA..DO35184	3:Del:R:4	0.004673797104939977	0.0013030700913157184	0.9816961350144394	0.012326549962076955	4.4782722787749676e-07
X02c97e2b.914e.4afc.bf50.78f0cfbfa67b..Panc.AdenoCA..DO35184	3:Del:R:5	0.004940900391596845	0.03319866454852804	0.9618532494672145	7.009712933188692e-06	1.758797273907956e-07
X02c97e2b.914e.4afc.bf50.78f0cfbfa67b..Panc.AdenoCA..DO35184	4:Del:R:0	0.0008065337920077611	0.016208892127059994	0.8416895947958145	0.14129472041610125	2.5886901641565915e-07
X02c97e2b.914e.4afc.bf50.78f0cfbfa67b..Panc.AdenoCA..DO35184	4:Del:R:1	0.009772975204005259	0.04838067951164514	0.9145530402442048	0.024479054390160272	0.002814250649984567
X02c97e2b.914e.4afc.bf50.78f0cfbfa67b..Panc.AdenoCA..DO35184	4:Del:R:2	0.01325252919996516	0.002671221723964331	0.964167123554552	0.01990850555805128	6.199634671926165e-07
X02c97e2b.914e.4afc.bf50.78f0cfbfa67b..Panc.AdenoCA..DO35184	4:Del:R:3	0.0070148938880411574	0.027057265091748103	0.9167965349577205	0.04913079096262049	5.150998697703783e-07
X02c97e2b.914e.4afc.bf50.78f0cfbfa67b..Panc.AdenoCA..DO35184	4:Del:R:4	0.008601685710336681	0.018050932004608337	0.9527645058266438	0.02058215085439954	7.256040114752264e-07
X02c97e2b.914e.4afc.bf50.78f0cfbfa67b..Panc.AdenoCA..DO35184	4:Del:R:5	0.035672337296292204	0.17208695628442627	0.7778179331970186	0.014421999065534428	7.741567284203584e-07
X02c97e2b.914e.4afc.bf50.78f0cfbfa67b..Panc.AdenoCA..DO35184	5:Del:R:0	0.0005188591995249406	0.021681657820345108	0.6789142933296515	0.29570725733158704	0.0031779323188913574
X02c97e2b.914e.4afc.bf50.78f0cfbfa67b..Panc.AdenoCA..DO35184	5:Del:R:1	0.008459281661331162	0.255243944097518	0.5790191820143092	0.14901086562855942	0.008266726598282311
X02c97e2b.914e.4afc.bf50.78f0cfbfa67b..Panc.AdenoCA..DO35184	5:Del:R:2	0.010067887123837532	0.25658620552835826	0.6529971118894885	0.08034862532095566	1.7013736008552478e-07
X02c97e2b.914e.4afc.bf50.78f0cfbfa67b..Panc.AdenoCA..DO35184	5:Del:R:3	0.02315848450091616	0.01799446999481802	0.9055534990101625	0.0532902327157188	3.313778384436338e-06
X02c97e2b.914e.4afc.bf50.78f0cfbfa67b..Panc.AdenoCA..DO35184	5:Del:R:4	0.1960130137670302	0.4256998579052153	0.19047098852996966	0.18780081062862214	1.532916916274313e-05
X02c97e2b.914e.4afc.bf50.78f0cfbfa67b..Panc.AdenoCA..DO35184	5:Del:R:5	0.0030052781728038686	0.11353732669752166	0.8333058112996423	0.050148959522544063	2.6243074881233306e-06
X02c97e2b.914e.4afc.bf50.78f0cfbfa67b..Panc.AdenoCA..DO35184	2:Ins:R:0	0.05103339820802302	0.6614267886000899	0.2524501528422795	0.02874932150535585	0.006340338844251904
X02c97e2b.914e.4afc.bf50.78f0cfbfa67b..Panc.AdenoCA..DO35184	2:Ins:R:1	0.016480023375325576	0.6754590300187763	0.28587209834394306	0.01741398935700739	0.004774858904947664
X02c97e2b.914e.4afc.bf50.78f0cfbfa67b..Panc.AdenoCA..DO35184	2:Ins:R:2	0.17831066988291383	0.7698376025731802	0.01697480201329091	0.034871178854031834	5.7466765830758415e-06
X02c97e2b.914e.4afc.bf50.78f0cfbfa67b..Panc.AdenoCA..DO35184	2:Ins:R:3	0.1901206705930625	0.41234380743982	0.39751940794488666	0.0	1.611402223096442e-05
X02c97e2b.914e.4afc.bf50.78f0cfbfa67b..Panc.AdenoCA..DO35184	2:Ins:R:4	0.21864407078402978	0.6250974142659134	0.15604295251823996	0.00018038959270102073	3.517283911596563e-05
X02c97e2b.914e.4afc.bf50.78f0cfbfa67b..Panc.AdenoCA..DO35184	2:Ins:R:5	0.046826804786158735	0.516232884675821	0.43687065195447233	0.0	6.965858354788488e-05
X02c97e2b.914e.4afc.bf50.78f0cfbfa67b..Panc.AdenoCA..DO35184	3:Ins:R:0	0.015608089238783292	0.3261759898459556	0.6103042470007516	0.040081239376587245	0.007830434537922239
X02c97e2b.914e.4afc.bf50.78f0cfbfa67b..Panc.AdenoCA..DO35184	3:Ins:R:1	0.023443044830572028	0.3337371506697212	0.61957200668765	0.023246532392487536	1.2654195692460874e-06
X02c97e2b.914e.4afc.bf50.78f0cfbfa67b..Panc.AdenoCA..DO35184	3:Ins:R:2	0.029461944877393835	0.3796798258348256	0.564586802289145	4.618041808978712e-06	0.026266808956826333
X02c97e2b.914e.4afc.bf50.78f0cfbfa67b..Panc.AdenoCA..DO35184	3:Ins:R:3	0.3824439925697224	0.10008124147465959	0.11467640037027657	9.427364715470615e-05	0.40270409193818685
X02c97e2b.914e.4afc.bf50.78f0cfbfa67b..Panc.AdenoCA..DO35184	3:Ins:R:4	0.0008600479895352796	0.032264368523018824	0.9497289032054909	0.01195667089482441	0.005190009387130708
X02c97e2b.914e.4afc.bf50.78f0cfbfa67b..Panc.AdenoCA..DO35184	3:Ins:R:5	0.0008600478526620469	0.032264399015425355	0.9497288747641301	0.011956669399099947	0.005190008968682588
X02c97e2b.914e.4afc.bf50.78f0cfbfa67b..Panc.AdenoCA..DO35184	4:Ins:R:0	0.0034257477159823453	0.3974765721484144	0.5484237634976347	0.045725040211277185	0.004948876426691329
X02c97e2b.914e.4afc.bf50.78f0cfbfa67b..Panc.AdenoCA..DO35184	4:Ins:R:1	0.018604781670106013	0.05164482536691458	0.8193043210316783	0.11044131644414089	4.7554871602587055e-06
X02c97e2b.914e.4afc.bf50.78f0cfbfa67b..Panc.AdenoCA..DO35184	4:Ins:R:2	8.33691671266285e-05	0.9189597235321849	0.08052446630468615	0.00021185858250306444	0.00022058241349922454
X02c97e2b.914e.4afc.bf50.78f0cfbfa67b..Panc.AdenoCA..DO35184	4:Ins:R:3	1.2289317045363977e-05	0.9111471370764044	0.012806499456287632	0.00015651457839358947	0.07587755957186904
X02c97e2b.914e.4afc.bf50.78f0cfbfa67b..Panc.AdenoCA..DO35184	4:Ins:R:4	1.7417442925454085e-05	0.0005372004872435353	0.10188495506672868	0.8973578078770866	0.0002026191260158111
X02c97e2b.914e.4afc.bf50.78f0cfbfa67b..Panc.AdenoCA..DO35184	4:Ins:R:5	0.0008600480250073692	0.03226438441874973	0.9497288877984263	0.011956670350447278	0.005190009407369146
X02c97e2b.914e.4afc.bf50.78f0cfbfa67b..Panc.AdenoCA..DO35184	5:Ins:R:0	0.0	0.2024573280778467	0.7193795722817113	0.07076334146134529	0.007399758179096765
X02c97e2b.914e.4afc.bf50.78f0cfbfa67b..Panc.AdenoCA..DO35184	5:Ins:R:1	0.0	0.13100329995808352	0.6644613463378523	0.2045228729197945	1.2480784269694534e-05
X02c97e2b.914e.4afc.bf50.78f0cfbfa67b..Panc.AdenoCA..DO35184	5:Ins:R:2	2.6695707394430092e-05	0.9863569142948331	0.013074132871669754	0.00016448285773705657	0.0003777742683655725
X02c97e2b.914e.4afc.bf50.78f0cfbfa67b..Panc.AdenoCA..DO35184	5:Ins:R:3	0.0008600480250073692	0.03226438441874973	0.9497288877984263	0.011956670350447278	0.005190009407369146
X02c97e2b.914e.4afc.bf50.78f0cfbfa67b..Panc.AdenoCA..DO35184	5:Ins:R:4	0.0008600479895352796	0.032264368523018824	0.9497289032054909	0.01195667089482441	0.005190009387130708
X02c97e2b.914e.4afc.bf50.78f0cfbfa67b..Panc.AdenoCA..DO35184	5:Ins:R:5	0.0008600478526620469	0.032264399015425355	0.9497288747641301	0.011956669399099947	0.005190008968682588
X02c97e2b.914e.4afc.bf50.78f0cfbfa67b..Panc.AdenoCA..DO35184	2:Del:M:1	0.017146772260626636	0.04762886494394697	0.9147643163824762	0.01897482943714837	0.0014852169758019125
X02c97e2b.914e.4afc.bf50.78f0cfbfa67b..Panc.AdenoCA..DO35184	3:Del:M:1	0.0014045012277840918	0.0034794784871958325	0.8575615956495974	0.13441940372742867	0.0031350209079940017
X02c97e2b.914e.4afc.bf50.78f0cfbfa67b..Panc.AdenoCA..DO35184	3:Del:M:2	0.013413647394887183	0.0316997030676191	0.8979706030304517	0.05352342509156021	0.0033926214154816974
X02c97e2b.914e.4afc.bf50.78f0cfbfa67b..Panc.AdenoCA..DO35184	4:Del:M:1	0.002979783913215971	0.006743777228498816	0.8675472742863239	0.12272886964612564	2.9492583556133915e-07
X02c97e2b.914e.4afc.bf50.78f0cfbfa67b..Panc.AdenoCA..DO35184	4:Del:M:2	0.0038907061518984633	0.05702483920814848	0.809424750297117	0.12965968476360434	1.957923156167468e-08
X02c97e2b.914e.4afc.bf50.78f0cfbfa67b..Panc.AdenoCA..DO35184	4:Del:M:3	0.010434506654601366	0.026598728053794457	0.897602749242004	0.05709072798697976	0.008273288062620395
X02c97e2b.914e.4afc.bf50.78f0cfbfa67b..Panc.AdenoCA..DO35184	5:Del:M:1	0.00034528706761461915	0.0263809467923841	0.535650730677846	0.4363661441373746	0.0012568913247807006
X02c97e2b.914e.4afc.bf50.78f0cfbfa67b..Panc.AdenoCA..DO35184	5:Del:M:2	0.00016823549792556092	0.07597152893445508	0.054773057386612846	0.8668405294276837	0.0022466487533228815
X02c97e2b.914e.4afc.bf50.78f0cfbfa67b..Panc.AdenoCA..DO35184	5:Del:M:3	0.0009600806849477474	0.0022154533283939635	0.048862912882582404	0.9437145118629534	0.004247041241122485
X02c97e2b.914e.4afc.bf50.78f0cfbfa67b..Panc.AdenoCA..DO35184	5:Del:M:4	0.0008176936754380529	0.04548114989002341	0.005071604858396381	0.9486295288628944	2.271324755495257e-08
X02c97e2b.914e.4afc.bf50.78f0cfbfa67b..Panc.AdenoCA..DO35184	5:Del:M:5	0.0024677824966518763	0.08595889676461867	0.1312870629452397	0.7769679900780753	0.00331826771541441
X02e5c36f.5bec.45e2.a048.875653b85ca1..Panc.AdenoCA..DO34616	1:Del:C:0	0.006445264936861364	0.01822013890424429	0.9106043736886585	0.059891050805562666	0.004839171664673258
X02e5c36f.5bec.45e2.a048.875653b85ca1..Panc.AdenoCA..DO34616	1:Del:C:1	0.003500732350173461	0.06646009124502865	0.8831642585186205	0.04438485460113416	0.0024900632850433594
X02e5c36f.5bec.45e2.a048.875653b85ca1..Panc.AdenoCA..DO34616	1:Del:C:2	0.011744069455884486	0.11197838028462566	0.8173800852476626	0.05624480278822604	0.00265266222360124
X02e5c36f.5bec.45e2.a048.875653b85ca1..Panc.AdenoCA..DO34616	1:Del:C:3	0.07200711042074724	0.07621693114988026	0.805040693486081	0.04673524277666875	2.216662276391217e-08
X02e5c36f.5bec.45e2.a048.875653b85ca1..Panc.AdenoCA..DO34616	1:Del:C:4	0.4142592376064095	0.0660591279857158	0.4568327397594076	0.06284879649015292	9.815831426477615e-08
X02e5c36f.5bec.45e2.a048.875653b85ca1..Panc.AdenoCA..DO34616	1:Del:C:5	0.6608212391148023	0.18940793349633772	0.1288934564703588	0.01737290768269304	0.0035044632358081835
X02e5c36f.5bec.45e2.a048.875653b85ca1..Panc.AdenoCA..DO34616	1:Del:T:0	0.010498036521783395	0.04940054095157987	0.8984687427804621	0.03829387731216749	0.0033388024340072083
X02e5c36f.5bec.45e2.a048.875653b85ca1..Panc.AdenoCA..DO34616	1:Del:T:1	0.01775479098921645	0.08624549189837331	0.8687985447707264	0.024169647954972836	0.0030315243867109994
X02e5c36f.5bec.45e2.a048.875653b85ca1..Panc.AdenoCA..DO34616	1:Del:T:2	0.028390729088758615	0.03419047397985636	0.8888489767150333	0.046359838298948394	0.0022099819174033744
X02e5c36f.5bec.45e2.a048.875653b85ca1..Panc.AdenoCA..DO34616	1:Del:T:3	0.13510669021862606	0.11855637258817069	0.6869277161674393	0.056087998386605706	0.0033212226391582584
X02e5c36f.5bec.45e2.a048.875653b85ca1..Panc.AdenoCA..DO34616	1:Del:T:4	0.38065417965721726	0.08298674773704948	0.47307724182105826	0.05121147073340486	0.012070360051270154
X02e5c36f.5bec.45e2.a048.875653b85ca1..Panc.AdenoCA..DO34616	1:Del:T:5	0.7981496914665777	0.18711466935538493	4.671585151852387e-05	0.006893118690210586	0.007795804636308298
X02e5c36f.5bec.45e2.a048.875653b85ca1..Panc.AdenoCA..DO34616	1:Ins:C:0	0.006901714194471401	0.0055368450927025924	0.11437998143643759	0.02089620719968648	0.8522852520767019
X02e5c36f.5bec.45e2.a048.875653b85ca1..Panc.AdenoCA..DO34616	1:Ins:C:1	0.022686029967855858	0.07649018286276502	0.007652663383880632	0.017589431171336	0.8755816926141625
X02e5c36f.5bec.45e2.a048.875653b85ca1..Panc.AdenoCA..DO34616	1:Ins:C:2	0.04822460727656428	0.4467868899557612	0.013254529705438493	0.004809711198948907	0.4869242618632871
X02e5c36f.5bec.45e2.a048.875653b85ca1..Panc.AdenoCA..DO34616	1:Ins:C:3	0.06588438612372265	0.31646742762686	0.12306219586059587	0.004872845694124665	0.4897131446946967
X02e5c36f.5bec.45e2.a048.875653b85ca1..Panc.AdenoCA..DO34616	1:Ins:C:4	0.07635877107424754	0.2468494545907895	0.03866557033875957	0.007778347644800321	0.630347856351403
X02e5c36f.5bec.45e2.a048.875653b85ca1..Panc.AdenoCA..DO34616	1:Ins:C:5	0.11528525333475083	0.5411345861058522	0.29814588675348486	0.0	0.04543427380591209
X02e5c36f.5bec.45e2.a048.875653b85ca1..Panc.AdenoCA..DO34616	1:Ins:T:0	0.031084098919561733	0.7688557867737698	0.10630158675962285	0.00364606855760696	0.09011245898943873
X02e5c36f.5bec.45e2.a048.875653b85ca1..Panc.AdenoCA..DO34616	1:Ins:T:1	0.02511620823575084	0.7635131797811865	0.14069868919783593	0.002310520161335727	0.06836140262389079
X02e5c36f.5bec.45e2.a048.875653b85ca1..Panc.AdenoCA..DO34616	1:Ins:T:2	0.029390669699454506	0.7940987433467585	0.11150665647647619	9.960373934563459e-05	0.06490432673796512
X02e5c36f.5bec.45e2.a048.875653b85ca1..Panc.AdenoCA..DO34616	1:Ins:T:3	0.023878185489273968	0.7943891431403335	0.12173503178710895	0.003234139188498179	0.05676350039478542
X02e5c36f.5bec.45e2.a048.875653b85ca1..Panc.AdenoCA..DO34616	1:Ins:T:4	0.04178534065242721	0.8976957090175154	0.011572149378491442	0.008045102709256177	0.04090169824230981
X02e5c36f.5bec.45e2.a048.875653b85ca1..Panc.AdenoCA..DO34616	1:Ins:T:5	0.040717168656134416	0.8804297810776041	0.05344854571545898	0.004999633720185983	0.020404870830616505
X02e5c36f.5bec.45e2.a048.875653b85ca1..Panc.AdenoCA..DO34616	2:Del:R:0	0.02493773966912989	0.03531598103311996	0.9037338595415491	0.03601238514246286	3.461373830528296e-08
X02e5c36f.5bec.45e2.a048.875653b85ca1..Panc.AdenoCA..DO34616	2:Del:R:1	0.04960389557204496	0.06713352547313046	0.8536758986651797	0.022882782804409748	0.006703897485235004
X02e5c36f.5bec.45e2.a048.875653b85ca1..Panc.AdenoCA..DO34616	2:Del:R:2	0.04756350352679604	0.05782578345801434	0.8717446445354243	0.019272983425880037	0.003593085053885315
X02e5c36f.5bec.45e2.a048.875653b85ca1..Panc.AdenoCA..DO34616	2:Del:R:3	0.410437639042726	0.02179046695461645	0.5381999882627647	0.029571232824657692	6.729152350363357e-07
X02e5c36f.5bec.45e2.a048.875653b85ca1..Panc.AdenoCA..DO34616	2:Del:R:4	0.5376582017616782	0.024802629516523622	0.41409531889975837	0.023441377492418744	2.4723296211993875e-06
X02e5c36f.5bec.45e2.a048.875653b85ca1..Panc.AdenoCA..DO34616	2:Del:R:5	0.09800683416606222	0.0	0.893881754958301	0.008111210937081	1.9993855587410685e-07
X02e5c36f.5bec.45e2.a048.875653b85ca1..Panc.AdenoCA..DO34616	3:Del:R:0	0.007325096412278055	0.11266222573060797	0.7756686100340886	0.09979231913134226	0.004551748691683298
X02e5c36f.5bec.45e2.a048.875653b85ca1..Panc.AdenoCA..DO34616	3:Del:R:1	0.031672025589260376	0.033381280675166866	0.91715352804668	0.015228080166956572	0.0025650855219363057
X02e5c36f.5bec.45e2.a048.875653b85ca1..Panc.AdenoCA..DO34616	3:Del:R:2	0.03038201097248583	0.039107818830959255	0.9161376596789977	0.009944674718097747	0.0044278357994594454
X02e5c36f.5bec.45e2.a048.875653b85ca1..Panc.AdenoCA..DO34616	3:Del:R:3	0.033271995348203846	0.24161379702113805	0.7067605503696749	0.001818651667571752	0.016535005593411495
X02e5c36f.5bec.45e2.a048.875653b85ca1..Panc.AdenoCA..DO34616	3:Del:R:4	0.0085953422853714	0.001993708465822525	0.9811761073487769	0.008234228254977778	6.136450514697029e-07
X02e5c36f.5bec.45e2.a048.875653b85ca1..Panc.AdenoCA..DO34616	3:Del:R:5	0.00889766572198637	0.0497383251009644	0.9413591879842578	4.585199753205169e-06	2.3599303813261062e-07
X02e5c36f.5bec.45e2.a048.875653b85ca1..Panc.AdenoCA..DO34616	4:Del:R:0	0.0015419847678448252	0.025781691242688955	0.8745528032314431	0.09812315199190672	3.687661164342657e-07
X02e5c36f.5bec.45e2.a048.875653b85ca1..Panc.AdenoCA..DO34616	4:Del:R:1	0.017512867309735468	0.07212784879395255	0.8906681458970117	0.01593357166756202	0.003757566331738248
X02e5c36f.5bec.45e2.a048.875653b85ca1..Panc.AdenoCA..DO34616	4:Del:R:2	0.024240780429676048	0.004064979142188605	0.9584659941958041	0.013227401289458462	8.449428727140304e-07
X02e5c36f.5bec.45e2.a048.875653b85ca1..Panc.AdenoCA..DO34616	4:Del:R:3	0.012856637028538754	0.04125634300803353	0.9131787620662857	0.032707554482931694	7.034142102186874e-07
X02e5c36f.5bec.45e2.a048.875653b85ca1..Panc.AdenoCA..DO34616	4:Del:R:4	0.015670882010461233	0.02735961969883698	0.9433481507648562	0.013620362555929194	9.849699161721715e-07
X02e5c36f.5bec.45e2.a048.875653b85ca1..Panc.AdenoCA..DO34616	4:Del:R:5	0.058787441227826136	0.23593995952319097	0.6966385541427655	0.00863309451170038	9.50594517118351e-07
X02e5c36f.5bec.45e2.a048.875653b85ca1..Panc.AdenoCA..DO34616	5:Del:R:0	0.0010433386018969281	0.03627177395178476	0.7419374087966145	0.2159860879554868	0.00476139069421711
X02e5c36f.5bec.45e2.a048.875653b85ca1..Panc.AdenoCA..DO34616	5:Del:R:1	0.014198740460919906	0.35642843000965146	0.5281847392019021	0.09084945229579108	0.0103386380317353
X02e5c36f.5bec.45e2.a048.875653b85ca1..Panc.AdenoCA..DO34616	5:Del:R:2	0.016569731230133725	0.351326562184887	0.5840700660158028	0.04803343193270155	2.086364750082556e-07
X02e5c36f.5bec.45e2.a048.875653b85ca1..Panc.AdenoCA..DO34616	5:Del:R:3	0.0421346239399704	0.027237585191210067	0.8954053022704089	0.035217996328236086	4.492270174612998e-06
X02e5c36f.5bec.45e2.a048.875653b85ca1..Panc.AdenoCA..DO34616	5:Del:R:4	0.27151642904250256	0.4905861325709086	0.1433892539411547	0.09449236310613333	1.5821339300853693e-05
X02e5c36f.5bec.45e2.a048.875653b85ca1..Panc.AdenoCA..DO34616	5:Del:R:5	0.005285781166077424	0.16613598928492462	0.7965361211084541	0.0320386692784752	3.439162068775287e-06
X02e5c36f.5bec.45e2.a048.875653b85ca1..Panc.AdenoCA..DO34616	2:Ins:R:0	0.06771247149844373	0.7301238137898168	0.18203981185932408	0.013855742954685935	0.0062681598977293584
X02e5c36f.5bec.45e2.a048.875653b85ca1..Panc.AdenoCA..DO34616	2:Ins:R:1	0.022160134626655004	0.7556386068729929	0.2089117672243171	0.008505520318020198	0.004783970958014767
X02e5c36f.5bec.45e2.a048.875653b85ca1..Panc.AdenoCA..DO34616	2:Ins:R:2	0.212103405526639	0.7618509016299173	0.01097366226550889	0.015066937263516227	5.093314418667463e-06
X02e5c36f.5bec.45e2.a048.875653b85ca1..Panc.AdenoCA..DO34616	2:Ins:R:3	0.2537564082050263	0.4578758240301225	0.2883517425057527	0.0	1.602525909834879e-05
X02e5c36f.5bec.45e2.a048.875653b85ca1..Panc.AdenoCA..DO34616	2:Ins:R:4	0.26547540941023606	0.6314440169954172	0.10296919464869514	7.955841332451441e-05	3.18205323271252e-05
X02e5c36f.5bec.45e2.a048.875653b85ca1..Panc.AdenoCA..DO34616	2:Ins:R:5	0.0656031856545569	0.6016953093737601	0.3326287909000236	0.0	7.271407165952058e-05
X02e5c36f.5bec.45e2.a048.875653b85ca1..Panc.AdenoCA..DO34616	3:Ins:R:0	0.024423952923685134	0.4246379057308698	0.519026066102855	0.022782186221064652	0.009129889021525452
X02e5c36f.5bec.45e2.a048.875653b85ca1..Panc.AdenoCA..DO34616	3:Ins:R:1	0.03627481622223147	0.4296316942599753	0.5210261879395788	0.013065842632375443	1.4589458389482447e-06
X02e5c36f.5bec.45e2.a048.875653b85ca1..Panc.AdenoCA..DO34616	3:Ins:R:2	0.04385858054577972	0.47023097820118015	0.45677301975553725	2.497117971763803e-06	0.029134924379531066
X02e5c36f.5bec.45e2.a048.875653b85ca1..Panc.AdenoCA..DO34616	3:Ins:R:3	0.46182260868544733	0.10054502495970866	0.07525891645255144	4.1350969487463056e-05	0.3623320989328051
X02e5c36f.5bec.45e2.a048.875653b85ca1..Panc.AdenoCA..DO34616	3:Ins:R:4	0.00155787990935908	0.04862224605071503	0.9349481122734491	0.007867008288625037	0.007004753477851684
X02e5c36f.5bec.45e2.a048.875653b85ca1..Panc.AdenoCA..DO34616	3:Ins:R:5	0.001557879636258988	0.048622291217063525	0.9349480691693639	0.007867007177396293	0.007004752799917216
X02e5c36f.5bec.45e2.a048.875653b85ca1..Panc.AdenoCA..DO34616	4:Ins:R:0	0.005250527617040577	0.5068269052452007	0.45681504348776003	0.02545597330860503	0.005651550341393724
X02e5c36f.5bec.45e2.a048.875653b85ca1..Panc.AdenoCA..DO34616	4:Ins:R:1	0.034014942413969386	0.07855476449264089	0.814079783520149	0.07334403138451238	6.47818872846205e-06
X02e5c36f.5bec.45e2.a048.875653b85ca1..Panc.AdenoCA..DO34616	4:Ins:R:2	0.00010310031925313906	0.9454783316607408	0.054120146638981355	9.516749763899499e-05	0.00020325388338571652
X02e5c36f.5bec.45e2.a048.875653b85ca1..Panc.AdenoCA..DO34616	4:Ins:R:3	1.4957786120648059e-05	0.922632271145733	0.00847123185100362	6.919622573219533e-05	0.06881234299141052
X02e5c36f.5bec.45e2.a048.875653b85ca1..Panc.AdenoCA..DO34616	4:Ins:R:4	4.560269610043384e-05	0.0011701541492567483	0.14497487535548081	0.8534140922217744	0.00039527557738761856
X02e5c36f.5bec.45e2.a048.875653b85ca1..Panc.AdenoCA..DO34616	4:Ins:R:5	0.0015578799603382328	0.04862226959119862	0.9349480891395704	0.007867007863412823	0.007004753445479928
