Sample Names	MutationType	ID83A	ID83B	ID83C	ID83D	ID83E	ID83F
V1	1:Del:C:0	5.134644502302072e-07	0.0	0.005442037919983893	0.8937199102473211	0.0008292951624018612	0.10000824320584292
V1	1:Del:C:1	0.018512724201207236	0.018196123479312275	0.007996970798544752	0.7935049569589464	0.0022816673644584723	0.15950755719753087
V1	1:Del:C:2	0.13535938122166666	2.2367637635592364e-06	0.0	0.2104773212227416	0.06895882240659164	0.5852022383852364
V1	1:Del:C:3	0.07906677749891025	0.05174797279639004	0.012803473613873023	0.5429046911324488	0.011053770747633956	0.30242331421074403
V1	1:Del:C:4	0.0	0.0	0.035896260025286605	0.7987426354324134	0.1179371112205309	0.047423993321769026
V1	1:Del:C:5	0.3963013450798767	0.08878495589562	0.012695145139857474	0.01723398978278867	0.4447893789507054	0.040195185151151634
V1	1:Del:T:0	0.002512768894282259	0.008975850033990193	0.0003698982575511864	0.72260129470832	0.02560877687244925	0.239931411233407
V1	1:Del:T:1	0.024688375460092858	0.04769028925097921	0.011019377229533098	0.6933516233226912	8.623890830682301e-05	0.2231640958283969
V1	1:Del:T:2	0.0007309772730926134	0.0046541115869372235	0.0015437139266464934	0.933263742449021	0.01946193020667187	0.040345524557630824
V1	1:Del:T:3	0.04871919110971968	0.0028862347677319163	0.009432001442105091	0.8616515219666029	0.06418234943558157	0.013128701278258843
V1	1:Del:T:4	0.05731793403500391	0.025735130246176983	0.011111219906537774	0.7660949191721577	0.13729604378144988	0.00244475285867389
V1	1:Del:T:5	4.5085485267523075e-07	1.8698995181893595e-06	1.1679676206184731e-06	7.217138129319717e-07	0.9999862246645055	9.564899690135933e-06
V1	1:Ins:C:0	0.0686893415168952	0.018022625905309248	0.7483635455647965	0.017122841789626805	0.010689935007685048	0.13711171021568716
V1	1:Ins:C:1	0.04579261579846474	0.0	1.5719179311578447e-05	0.05113007977992202	0.06929840774788937	0.8337631774944123
V1	1:Ins:C:2	6.322558227133402e-05	2.656334324914856e-05	7.797573081387851e-06	0.14988989866385335	0.0	0.8500125148375448
V1	1:Ins:C:3	0.9112684468825651	0.03132686176215173	3.170575894663658e-06	0.0	0.004870054100321775	0.052531466679066774
V1	1:Ins:C:4	0.7521034304760377	0.042484035314491464	0.00026992975536367083	0.010484613512675652	0.12058592239961928	0.07407206854181216
V1	1:Ins:C:5	0.8781313704093594	0.039599963139685175	0.0	0.0037536306931212214	0.07460996831644529	0.0039050674413888815
V1	1:Ins:T:0	0.17932282934082652	0.01192019872216934	0.0021064330003729343	0.5431293319465582	0.017446821354660694	0.24607438563541226
V1	1:Ins:T:1	0.0	5.0686432982635617e-08	0.024816605898192828	0.543867672594457	0.026491248206290254	0.40482442261462687
V1	1:Ins:T:2	8.568809840040292e-06	1.3002647622686002e-06	9.061457493616331e-07	0.33832831060335256	0.07726717774720278	0.584393736429093
V1	1:Ins:T:3	0.724962913513309	0.0	0.012894259776738913	0.056553744513274024	0.01760661923136749	0.18798246296531057
V1	1:Ins:T:4	0.890333785243814	0.018116177544447463	0.0014955711737597	0.01602527199678938	0.05372603114826635	0.020303162892923124
V1	1:Ins:T:5	0.9963949661750604	1.2426118139844734e-07	2.22718344903104e-08	0.0007290970469646361	2.1537875467269855e-08	0.002875768707083423
V1	2:Del:R:0	0.06390735146014646	0.6031710346875	0.0012053887889342091	0.2305993133887368	2.46020119433148e-27	0.10111691167468252
V1	2:Del:R:1	0.023544850705836087	0.01600841213564245	0.007378153749094627	0.2151315411836675	0.06305256142924603	0.6748844807965133
V1	2:Del:R:2	0.1425311784613148	0.46389859785653864	0.0	0.13996230577457341	0.22380533212195583	0.029802585785617355
V1	2:Del:R:3	0.6026323558166832	0.012375038885763426	1.343408856582904e-06	0.23168943603166892	0.0960332295851259	0.05726859627190207
V1	2:Del:R:4	9.45673083625685e-05	3.78055377058767e-05	1.58129981541538e-05	2.0385100024855168e-05	0.1340239619971015	0.865807467058651
V1	2:Del:R:5	0.004112615832509086	0.6691763171835661	0.2940210311906292	0.030252212840505836	0.0	0.0024378229527897426
V1	3:Del:R:0	0.057117651025383576	0.0	0.027892673691249256	0.06281412522214204	0.006306318617074537	0.8458692314441506
V1	3:Del:R:1	0.40138307197169515	0.06791572528970986	0.015247591543238799	0.13721978445824576	0.1119204783212774	0.26631334841583304
V1	3:Del:R:2	0.09049128552958433	0.009064064930134258	0.07421074161560406	0.5960299795281631	0.07391136648349189	0.15629256191302224
V1	3:Del:R:3	0.1736855715552156	0.07664294356124453	1.551379031083959e-05	0.009916787249936701	0.1282023302154075	0.6115368536278849
V1	3:Del:R:4	0.26413636681838465	0.23644873686531234	0.07024099557870576	0.19163394726209002	0.08605275688045268	0.15148719659505447
V1	3:Del:R:5	0.26413636681838465	0.23644873686531234	0.07024099557870576	0.19163394726209002	0.08605275688045268	0.15148719659505447
V1	4:Del:R:0	2.4510933269041664e-06	0.013393515390774349	0.0	0.24656362617194938	0.012057808279084441	0.727982599064865
V1	4:Del:R:1	0.23335436867378379	0.026960230556375895	0.0004477388469500643	0.48152001735281746	0.14896349258292255	0.10875415198715029
V1	4:Del:R:2	4.366164715751578e-05	0.36589979443427595	4.946591153589564e-06	0.16820057522327142	0.12801302181318322	0.3378380002909583
V1	4:Del:R:3	0.0006017232155978897	0.9980740381822262	0.00011578819050453762	0.000985377221226844	9.28450877805294e-05	0.00013022810266415357
V1	4:Del:R:4	0.0008335028395101982	0.0007689107008080282	0.0005420947718769818	0.0006059325410478989	0.000178136250617473	0.9970714228961394
V1	4:Del:R:5	0.26413636681838465	0.23644873686531234	0.07024099557870576	0.19163394726209002	0.08605275688045268	0.15148719659505447
V1	5:Del:R:0	5.34682634684275e-07	0.002458976647440854	0.00035444121168004615	1.6274667302570004e-07	0.008900545678244613	0.9882853390333268
V1	5:Del:R:1	0.11973305214949947	0.0034436487816472275	0.011857264503791605	0.37663319473405504	0.3224397747109325	0.16589306512007418
V1	5:Del:R:2	0.050391806209123785	0.0	4.1500588065697733e-07	0.3393126248156858	0.22929693832667689	0.3809982156426328
V1	5:Del:R:3	0.00025903191509900054	0.007982755504461765	0.9671651935658121	2.5554482980571562e-05	0.012455283996931294	0.012112180534715123
V1	5:Del:R:4	0.26413636681838465	0.23644873686531234	0.07024099557870576	0.19163394726209002	0.08605275688045268	0.15148719659505447
V1	5:Del:R:5	0.35660933722354526	0.375731767153056	0.07701794517421857	0.19047135175354438	1.748346854644588e-05	0.00015211522708937557
V1	2:Ins:R:0	0.20471407800708724	0.06270432477405102	0.03975711912205511	0.2449186051323918	0.004197301575622296	0.44370857138879244
V1	2:Ins:R:1	0.11251006024480671	0.006687914815327229	0.0	0.3802339944409764	0.04207981086845257	0.45848821963043723
V1	2:Ins:R:2	0.2582197438893025	8.236737181921354e-06	3.2330800635215857e-06	0.2004677211611308	0.05018502142192754	0.49111604371039375
V1	2:Ins:R:3	0.7024281175165384	0.09312382052870716	0.04180485496518514	0.1469139545752179	0.01572925241435145	0.0
V1	2:Ins:R:4	0.5841627539062448	0.03389814934007363	4.357130366514481e-06	0.0	0.2743992736418607	0.10753546598145441
V1	2:Ins:R:5	0.7979845746321894	0.0	0.005131965883169899	0.016440243321363394	0.18044321616327738	0.0
V1	3:Ins:R:0	3.418106767352024e-05	5.484967891999119e-05	0.10333566710093195	0.6995663713975401	0.07331964366112523	0.12368928709380922
V1	3:Ins:R:1	0.015515624295931523	0.26707335981633784	0.012173337733636604	0.2024918247962404	0.36138499838386995	0.1413608549739836
V1	3:Ins:R:2	0.0012107359683270994	0.00043551845708260687	0.00012575673405941444	0.0007655393784887512	0.9972864732545588	0.0001759762074832969
V1	3:Ins:R:3	0.61623636478442	0.00044290734286072373	0.00013338199690009575	0.3826717184023742	0.00016461508632460549	0.00035101238712018003
V1	3:Ins:R:4	0.00039927892571546314	0.7229569812991914	0.2595169919880767	0.00013327863481764934	0.0003274078060152577	0.016666061346183456
V1	3:Ins:R:5	0.05361983750633709	0.3612196893467525	0.01011371111051384	1.6732419247267055e-05	0.5750272473794179	2.7822377313818352e-06
V1	4:Ins:R:0	9.238919478826226e-05	0.00012568994598288944	1.3406862872193718e-05	0.18114075610950162	0.0708055883010992	0.7478221695857559
V1	4:Ins:R:1	0.4726526160634497	0.10451046201974762	0.0	0.11435916534194429	0.19633894704360844	0.11213880953124983
V1	4:Ins:R:2	0.0017911218898686023	0.0018697111172384262	0.0004499389750314708	0.994206738019613	0.0007426629794457586	0.0009398270188028513
V1	4:Ins:R:3	0.000420220975053112	0.9988768504374146	0.00010190217836271749	0.00029048407481005526	0.00012140002515207801	0.00018914230920742602
V1	4:Ins:R:4	2.0814178246848557e-06	0.9987827460725185	5.2468708042607806e-08	7.709317457822858e-05	3.196009209391981e-07	0.0011377072654495978
V1	4:Ins:R:5	0.37929149845547827	0.05179807166641614	0.007351999835960462	0.10750801921980377	0.06149997257301139	0.39255043824933
V1	5:Ins:R:0	0.00013599259129132028	5.177037440784196e-05	1.1319887265513173e-05	0.3004176503201425	4.44422801616322e-06	0.6993788225988766
V1	5:Ins:R:1	0.1404320076600891	0.005910522719462854	0.002201762366340017	0.06442386117951299	0.010254865879114882	0.7767769801954801
V1	5:Ins:R:2	0.3840170273793125	4.184756940103865e-05	0.067975764491434	8.497666028540091e-06	1.4526902172623492e-05	0.5479423359916513
V1	5:Ins:R:3	0.25468444183223277	0.3850697367289497	0.045637951907092036	0.047625719352876794	0.11890801307351109	0.14807413710533782
V1	5:Ins:R:4	0.8013331855535976	0.13261337056189595	0.00010138191703495292	0.0002676351132393706	0.00015532367084316633	0.06552910318338911
V1	5:Ins:R:5	0.2232680180910839	2.040429231309241e-06	5.28804139219533e-06	0.25444580932688843	3.9058183877604337e-07	0.5222784535295655
V1	2:Del:M:1	0.31142481570310376	0.012361491532358188	0.0017581161767457143	0.16621006714506456	0.07429312657664454	0.43395238286608323
V1	3:Del:M:1	5.561074283685895e-06	2.3531304533104664e-07	0.01476471771977238	0.15967250648717973	0.0	0.8255569794057189
V1	3:Del:M:2	0.33805437870712723	0.07550949523059347	1.9884635715975285e-07	0.026546571738342715	0.03198906720229112	0.5279002882752883
V1	4:Del:M:1	0.10665329006346165	0.022853429411614237	0.0	0.2867746002472481	0.02700591114029605	0.5567127691373799
V1	4:Del:M:2	0.05904185610505846	0.06940691534380984	0.22779258947051076	0.3182836567962919	0.06289492001252539	0.2625800622718036
V1	4:Del:M:3	0.10461864874214581	0.0	0.01848846531352313	0.6921997718684098	0.013089565747367148	0.17160354832855412
V1	5:Del:M:1	2.3904362277189676e-31	0.0029693109033024703	0.4979246016414353	0.0	0.002706242846507449	0.4963998446087547
V1	5:Del:M:2	8.2722071006225e-07	0.0040266324926031445	0.0002923893641015485	0.001598219732981849	0.0035744114308714167	0.990507519758732
V1	5:Del:M:3	0.0037283235987186952	0.0034605878819185965	0.0029201868558966053	0.0029871199980866588	0.003048626175426388	0.9838551554899531
V1	5:Del:M:4	0.05344167724508976	0.014524766964182314	0.011561203031171382	0.014072576260584032	0.02598926114321698	0.8804105153557555
V1	5:Del:M:5	0.04674366239785519	0.0	0.007141500413151061	0.0384758470551374	0.047888961063019715	0.8597500290708368
V2	1:Del:C:0	1.8203521463993561e-06	0.0	0.28184999706956027	0.38405419597277224	0.06334463273471426	0.2707493538708068
V2	1:Del:C:1	0.04100280999579659	0.10855646747265418	0.2587499300762309	0.21302912577147298	0.10888079443581629	0.269780872248029
V2	1:Del:C:2	0.0646567084992116	2.8779211293845033e-06	0.0	0.01218643260152274	0.7096933390051821	0.21346064197295436
V2	1:Del:C:3	0.08407746749188881	0.14822192930145975	0.19889544405897455	0.06997698533697003	0.2532513079825253	0.2455768658281814
V2	1:Del:C:4	0.0	0.0	0.16395425140773873	0.0302701767681897	0.7944529562999919	0.011322615524079725
V2	1:Del:C:5	0.03797122822640385	0.022914058617965374	0.01776962286266975	0.00020015248265238235	0.9182039736423787	0.0029409641679300235
V2	1:Del:T:0	0.002940097349486037	0.028289045154020753	0.006322704576249616	0.10248350027714974	0.6455853407222155	0.21437931192087836
V2	1:Del:T:1	0.043279326447335474	0.2251912304678423	0.2821996506449293	0.14732877163219985	0.003257218484914115	0.298743802322779
V2	1:Del:T:2	0.0012201923012774053	0.02092641026375036	0.037644598506792	0.18883167748091234	0.6999483235334458	0.051428797913822155
V2	1:Del:T:3	0.028800846606982455	0.004595897948710679	0.08145551333151614	0.06174231313275159	0.8174787206791697	0.005926708300869454
V2	1:Del:T:4	0.017151860059771075	0.02074343164592073	0.048572882920991746	0.027787490668025622	0.885185681545037	0.0005586531602539065
V2	1:Del:T:5	2.0926011837794344e-08	2.3377686243131325e-07	7.919394226542079e-07	4.060324905360537e-09	0.9999986102840764	3.39013301837148e-07
V2	1:Ins:C:0	0.006032286796696438	0.004263283703267594	0.9601004947256515	0.0001822697188106658	0.020226621791472964	0.00919504326410103
V2	1:Ins:C:1	0.02098675060651157	0.0	0.00010524247642649402	0.0028403526959384735	0.6842718376542049	0.29179581656691855
V2	1:Ins:C:2	9.471747212013516e-05	0.00010718981788722845	0.00017065073232624657	0.02721796671299216	0.0	0.9724094752646743
V2	1:Ins:C:3	0.7988401957563716	0.07397142836488953	4.060347197207711e-05	0.0	0.09198203701111074	0.03516573539565605
V2	1:Ins:C:4	0.21327824972086445	0.032451015905636454	0.0011182301584443852	0.0003603856385240896	0.7367519077455258	0.016040210831004775
V2	1:Ins:C:5	0.338297036122526	0.041092921644592335	0.0	0.00017528158583123634	0.6192859357465345	0.0011488249005160028
V2	1:Ins:T:0	0.20568123992206458	0.03682783023342431	0.03529540670644399	0.07551068471311835	0.43115266437811445	0.21553217404683434
V2	1:Ins:T:1	0.0	1.0435082695307116e-07	0.27709229744745395	0.05038600493641445	0.43624324060773856	0.23627835265756614
V2	1:Ins:T:2	3.981686133127861e-06	1.6274657155692645e-06	6.151145734213317e-06	0.019055963365394744	0.7735657412730597	0.20736653506396266
V2	1:Ins:T:3	0.5023722672929893	0.0	0.13053221978964058	0.004750258936002358	0.2628702871538472	0.09947496682752051
V2	1:Ins:T:4	0.4168271547738176	0.022845636169638386	0.010228729112798204	0.0009093992907552389	0.5419304708638243	0.007258609789166298
V2	1:Ins:T:5	0.9977114391868065	3.351524841985404e-07	3.257923323053917e-07	8.849216440153848e-05	4.646564276738139e-07	0.0021989430475478624
V2	2:Del:R:0	0.035280881299017484	0.8969384076332338	0.009721363780076932	0.01543095010799325	2.926273346593299e-26	0.04262839717967852
V2	2:Del:R:1	0.011350256354074866	0.020786986013824376	0.051959967634504035	0.012570711791535596	0.6548896461936871	0.24844243201237415
V2	2:Del:R:2	0.022791128748127713	0.19980785432162318	0.0	0.002712770777789196	0.7710491250672618	0.003639121085198173
V2	2:Del:R:3	0.21701771377755713	0.012003913254581574	7.067444177691096e-06	0.01011334964690075	0.745109213546656	0.01574874233012675
V2	2:Del:R:4	2.664468941212176e-05	2.8691852610921904e-05	6.508715606238792e-05	6.961912047517503e-07	0.8135940191146889	0.18628486099602098
V2	2:Del:R:5	0.0006733824209762252	0.29513297234160224	0.7032884245055143	0.0006004084977033081	0.0	0.0003048122342040863
V2	3:Del:R:0	0.04554778234025426	0.0	0.3249364904498957	0.006071559639487886	0.1083498882680898	0.5150942793022723
V2	3:Del:R:1	0.11673388272768088	0.05320369059504578	0.06478143579028654	0.004837273718438346	0.7012988018244696	0.059144915344078966
V2	3:Del:R:2	0.030334859120819676	0.008184492782691514	0.3634238605981923	0.02421861931145384	0.5338289435075192	0.04000922467932354
V2	3:Del:R:3	0.048102631035731494	0.057175609485124096	6.27674445582742e-05	0.00033290639419839143	0.7649916046742334	0.12933448096615413
V2	3:Del:R:4	0.06737966532034516	0.16246925372415344	0.2617596790713328	0.00592542009980341	0.4729563915365619	0.029509590247803183
V2	3:Del:R:5	0.06737966532034516	0.16246925372415344	0.2617596790713328	0.00592542009980341	0.4729563915365619	0.029509590247803183
V2	4:Del:R:0	2.780055311080017e-06	0.04091868870811345	0.0	0.03389757645599463	0.29465758432478606	0.6305233704557948
V2	4:Del:R:1	0.06369856796518564	0.0198230680839984	0.00178545928420857	0.01593214060438007	0.8760910427973501	0.022669721264877207
V2	4:Del:R:2	1.0855228583796699e-05	0.24503863274388668	1.7966203527829986e-05	0.005068884383886156	0.6857229229282784	0.0641407385118371
V2	4:Del:R:3	0.00022344575964326007	0.9983243091534963	0.0006281322011890768	4.4353093878970685e-05	0.0007428308669359785	3.6928924856307935e-05
V2	4:Del:R:4	0.0010739142036561918	0.002668529113934948	0.010203499862035134	9.463086953081306e-05	0.004945047535363989	0.9810143784154789
V2	4:Del:R:5	0.06737966532034516	0.16246925372415344	0.2617596790713328	0.00592542009980341	0.4729563915365619	0.029509590247803183
V2	5:Del:R:0	5.579730379280182e-07	0.006912021435446385	0.005403470542611026	2.0586158154546932e-08	0.20011950893497205	0.7875644205277745
V2	5:Del:R:1	0.016132890173753384	0.0012498287566149527	0.023339635711856075	0.006151241380723695	0.936057212260501	0.01706919171655095
V2	5:Del:R:2	0.009467201280366573	0.0	1.1390095818924542e-06	0.0077269438384691734	0.9281445144025434	0.054660201469038994
V2	5:Del:R:3	1.7952932089757252e-05	0.0014902820730616324	0.9792514239526318	2.146818167355668e-07	0.01859907762464866	0.0006410487357514526
V2	5:Del:R:4	0.06737966532034516	0.16246925372415344	0.2617596790713328	0.00592542009980341	0.4729563915365619	0.029509590247803183
V2	5:Del:R:5	0.14165816550352503	0.4020317532071046	0.44694313603820984	0.009171167353678941	0.00014963464597114815	4.614325151035503e-05
V2	2:Ins:R:0	0.1448415040756206	0.1195023235210307	0.4109336112294979	0.021004538557017137	0.06398396532912817	0.23973405728770555
V2	2:Ins:R:1	0.07849390073740835	0.012568076775418928	0.0	0.032154484245416684	0.632519610141665	0.24426392810009095
V2	2:Ins:R:2	0.148497612852773	1.2759062729707646e-05	2.71617612304765e-05	0.013973993316621695	0.6218130050645277	0.21567546794211745
V2	2:Ins:R:3	0.36571793099638505	0.13059865051235792	0.3179673511268551	0.009271573959284867	0.17644449340511703	0.0
V2	2:Ins:R:4	0.0875844357566739	0.013689973258955084	9.54344267567888e-06	0.0	0.8864039684771435	0.012312079064551824
V2	2:Ins:R:5	0.16754949167421915	0.0	0.015741416868215407	0.0004184108237498206	0.8162906806338156	0.0
V2	3:Ins:R:0	1.0456968468465094e-05	4.519889334656686e-05	0.4618297047564351	0.02594150393313054	0.4832770600645402	0.02889607538407915
V2	3:Ins:R:1	0.0017568626248706943	0.08145779626711756	0.020136763133550912	0.0027792146770491905	0.8816461803181221	0.01222318297928951
V2	3:Ins:R:2	5.6335734149743997e-05	5.458516360798364e-05	8.548249807934944e-05	4.317656621578379e-06	0.9997930261398993	6.2528076420794255e-06
V2	3:Ins:R:3	0.9203366496733021	0.0017817460801355656	0.002910100920948579	0.06927424671427487	0.005296935551601587	0.0004003210597372643
V2	3:Ins:R:4	6.933418381576426e-05	0.3381559338687644	0.6583369926762518	2.805288983202877e-06	0.0012249425186892423	0.0022099914634955073
V2	3:Ins:R:5	0.003953222227405025	0.07173493142877553	0.01089300544281174	1.4953075433952887e-07	0.9134185347288476	1.56641405742823e-07
V2	4:Ins:R:0	4.359654733368929e-05	0.00015975887421775455	9.24207573314024e-05	0.010360796458394422	0.7198700589659623	0.2694733683967605
V2	4:Ins:R:1	0.09297104317019651	0.0553731134658078	0.0	0.0027266077598165337	0.8320851212895936	0.016844114314585667
V2	4:Ins:R:2	0.01189094928803531	0.03343485417698596	0.04363715632193184	0.8000444908543952	0.10622795521542905	0.004764594143222694
V2	4:Ins:R:3	0.00015590986401374412	0.9982546744329641	0.0005523200080169472	1.3063641271716365e-05	0.0009704436088112501	5.3588444922342176e-05
V2	4:Ins:R:4	7.734128726772941e-07	0.9996700842568076	2.8481570870522986e-07	3.4722749550071927e-06	2.558679029258807e-06	0.00032282656062675164
V2	4:Ins:R:5	0.16752714232363353	0.06162532203761852	0.04743828741260589	0.005755711056043213	0.5852516609429765	0.1324018762271223
V2	5:Ins:R:0	0.00023815651452364532	0.0002442092219824331	0.00028960146842005926	0.06377033713225733	0.0001676869286069978	0.9352900087342096
V2	5:Ins:R:1	0.13898003708003287	0.015755991840978385	0.03183231356215032	0.007728213656886857	0.21866131928376115	0.5870421245761904
V2	5:Ins:R:2	0.21382869315854475	6.27652519059184e-05	0.5529438628849658	5.735366962464509e-07	0.0001742786443218113	0.23298982652356545
V2	5:Ins:R:3	0.05489604525170036	0.22356899205667916	0.14370643999963764	0.0012443032716529245	0.5522114738695958	0.024372745550734123
V2	5:Ins:R:4	0.6603806533055829	0.29437577249743696	0.0012205431943751526	2.673439472434488e-05	0.002757874630409661	0.04123842197747103
V2	5:Ins:R:5	0.3418944963582872	8.416289521713836e-06	0.00011829649574494169	0.04722880385704486	1.288645017956957e-05	0.6107371005492217
V2	2:Del:M:1	0.13408380380973015	0.01433598438191857	0.011058140845055004	0.008674141095452616	0.6891716476620318	0.14267628220581186
V2	3:Del:M:1	6.425429220297942e-06	7.323572574377523e-07	0.24921836200914446	0.022362463351146986	0.0	0.7284120168532308
V2	3:Del:M:2	0.2065071561525064	0.12424635168591044	1.7745066080648562e-06	0.0019656357193001935	0.42102295739838264	0.2462561245372923
V2	4:Del:M:1	0.08814666414123538	0.0508764197569327	0.0	0.0287288577296669	0.4808904132376287	0.35135764513453627
V2	4:Del:M:2	0.011424630930965773	0.03617582618678076	0.6439219212061911	0.00746521925833165	0.26221250966805737	0.03879989274967336
V2	4:Del:M:3	0.120019920924002	0.0	0.3098535913062187	0.09625465310916956	0.3235378756878693	0.15033395897274046
V2	5:Del:M:1	3.0966593288055885e-32	0.001036109077941841	0.9423045628834807	0.0	0.007553334096686253	0.04910599394189106
V2	5:Del:M:2	9.746777522515488e-07	0.012779538942405279	0.00503283469918007	0.00022825599577703487	0.09074022576547398	0.8912181699194115
V2	5:Del:M:3	0.004270391859377448	0.01067671251991338	0.04886255946479182	0.0004147179657511889	0.07523396726158887	0.8605416509285773
V2	5:Del:M:4	0.03573667636452104	0.026162352344186967	0.11294019903648213	0.0011406535109477758	0.3744412385895118	0.4495788801543503
V2	5:Del:M:5	0.025348216051856033	0.0	0.0565751312924728	0.002529058671372515	0.5595201605233507	0.35602743346094784
V3	1:Del:C:0	3.16352284919e-07	0.0	0.0	0.9999996836477151	0.0	0.0
V3	1:Del:C:1	0.012683503877166914	0.0	0.0	0.987316496122833	0.0	0.0
V3	1:Del:C:2	0.2615106832081386	0.0	0.0	0.7384893167918615	0.0	0.0
V3	1:Del:C:3	0.0742389015483931	0.0	0.0	0.9257610984516069	0.0	0.0
V3	1:Del:C:4	0.0	0.0	0.0	1.0	0.0	0.0
V3	1:Del:C:5	0.9268042077301507	0.0	0.0	0.07319579226984928	0.0	0.0
V3	1:Del:T:0	0.0019111078652359285	0.0	0.0	0.998088892134764	0.0	0.0
V3	1:Del:T:1	0.019229523666753477	0.0	0.0	0.9807704763332465	0.0	0.0
V3	1:Del:T:2	0.0004310963872130641	0.0	0.0	0.9995689036127869	0.0	0.0
V3	1:Del:T:3	0.030193648799662496	0.0	0.0	0.9698063512003374	0.0	0.0
V3	1:Del:T:4	0.03956735549671132	0.0	0.0	0.9604326445032887	0.0	0.0
V3	1:Del:T:5	0.25594161761454687	0.0	0.0	0.7440583823854532	0.0	0.0
V3	1:Ins:C:0	0.6883665421403613	0.0	0.0	0.31163345785963875	0.0	0.0
V3	1:Ins:C:1	0.33027599687940407	0.0	0.0	0.6697240031205959	0.0	0.0
V3	1:Ins:C:2	0.0002322104595159642	0.0	0.0	0.9997677895404841	0.0	0.0
V3	1:Ins:C:3	1.0	0.0	0.0	0.0	0.0	0.0
V3	1:Ins:C:4	0.9753080993135438	0.0	0.0	0.024691900686456318	0.0	0.0
V3	1:Ins:C:5	0.9922967947036913	0.0	0.0	0.007703205296308715	0.0	0.0
V3	1:Ins:T:0	0.1538333192032137	0.0	0.0	0.8461666807967863	0.0	0.0
V3	1:Ins:T:1	0.0	0.0	0.0	1.0	0.0	0.0
V3	1:Ins:T:2	1.394563435062514e-05	0.0	0.0	0.9999860543656494	0.0	0.0
V3	1:Ins:T:3	0.8759084709077383	0.0	0.0	0.12409152909226175	0.0	0.0
V3	1:Ins:T:4	0.9683465395688449	0.0	0.0	0.031653460431155134	0.0	0.0
V3	1:Ins:T:5	0.9986728656232781	0.0	0.0	0.0013271343767220424	0.0	0.0
V3	2:Del:R:0	0.13239643812544216	0.0	0.0	0.8676035618745579	0.0	0.0
V3	2:Del:R:1	0.05683818826483664	0.0	0.0	0.9431618117351634	0.0	0.0
V3	2:Del:R:2	0.3592779813904637	0.0	0.0	0.6407220186095364	0.0	0.0
V3	2:Del:R:3	0.5888522265483164	0.0	0.0	0.4111477734516837	0.0	0.0
V3	2:Del:R:4	0.7186592350825513	0.0	0.0	0.28134076491744875	0.0	0.0
V3	2:Del:R:5	0.06964230182923878	0.0	0.0	0.9303576981707612	0.0	0.0
V3	3:Del:R:0	0.3336430691667479	0.0	0.0	0.6663569308332521	0.0	0.0
V3	3:Del:R:1	0.6169554325160963	0.0	0.0	0.38304456748390375	0.0	0.0
V3	3:Del:R:2	0.07714934506241361	0.0	0.0	0.9228506549375863	0.0	0.0
V3	3:Del:R:3	0.9060499081438351	0.0	0.0	0.09395009185616494	0.0	0.0
V3	3:Del:R:4	0.43148169312913176	0.0	0.0	0.5685183068708684	0.0	0.0
V3	3:Del:R:5	0.43148169312913176	0.0	0.0	0.5685183068708684	0.0	0.0
V3	4:Del:R:0	5.473821454868039e-06	0.0	0.0	0.9999945261785451	0.0	0.0
V3	4:Del:R:1	0.2106392437153698	0.0	0.0	0.7893607562846302	0.0	0.0
V3	4:Del:R:2	0.0001429133283411081	0.0	0.0	0.9998570866716588	0.0	0.0
V3	4:Del:R:3	0.251634495110064	0.0	0.0	0.7483655048899359	0.0	0.0
V3	4:Del:R:4	0.43098868890114117	0.0	0.0	0.5690113110988587	0.0	0.0
V3	4:Del:R:5	0.43148169312913176	0.0	0.0	0.5685183068708684	0.0	0.0
V3	5:Del:R:0	0.6440054143755716	0.0	0.0	0.35599458562442843	0.0	0.0
V3	5:Del:R:1	0.14897107338384555	0.0	0.0	0.8510289266161545	0.0	0.0
V3	5:Del:R:2	0.07559359797537035	0.0	0.0	0.9244064020246296	0.0	0.0
V3	5:Del:R:3	0.8480581859482589	0.0	0.0	0.15194181405174112	0.0	0.0
V3	5:Del:R:4	0.43148169312913176	0.0	0.0	0.5685183068708684	0.0	0.0
V3	5:Del:R:5	0.5076124557287246	0.0	0.0	0.4923875442712754	0.0	0.0
V3	2:Ins:R:0	0.31518292340822773	0.0	0.0	0.6848170765917723	0.0	0.0
V3	2:Ins:R:1	0.14010343826887356	0.0	0.0	0.8598965617311264	0.0	0.0
V3	2:Ins:R:2	0.4149524444402486	0.0	0.0	0.5850475555597513	0.0	0.0
V3	2:Ins:R:3	0.7247224884748523	0.0	0.0	0.2752775115251477	0.0	0.0
V3	2:Ins:R:4	1.0	0.0	0.0	0.0	0.0	0.0
V3	2:Ins:R:5	0.9639339279842964	0.0	0.0	0.036066072015703596	0.0	0.0
V3	3:Ins:R:0	2.690340076685845e-05	0.0	0.0	0.9999730965992332	0.0	0.0
V3	3:Ins:R:1	0.04048334985212293	0.0	0.0	0.959516650147877	0.0	0.0
V3	3:Ins:R:2	0.4654840155142595	0.0	0.0	0.5345159844857404	0.0	0.0
V3	3:Ins:R:3	0.46997770734039424	0.0	0.0	0.5300222926596059	0.0	0.0
V3	3:Ins:R:4	0.6225842004808937	0.0	0.0	0.3774157995191063	0.0	0.0
V3	3:Ins:R:5	0.999433597680172	0.0	0.0	0.0005664023198279928	0.0	0.0
V3	4:Ins:R:0	0.0002807664553217833	0.0	0.0	0.9997192335446783	0.0	0.0
V3	4:Ins:R:1	0.6947306486449939	0.0	0.0	0.305269351355006	0.0	0.0
V3	4:Ins:R:2	0.000991014478693895	0.0	0.0	0.9990089855213061	0.0	0.0
V3	4:Ins:R:3	0.4433801543684131	0.0	0.0	0.556619845631587	0.0	0.0
V3	4:Ins:R:4	0.014648617391458089	0.0	0.0	0.9853513826085419	0.0	0.0
V3	4:Ins:R:5	0.660170177922973	0.0	0.0	0.33982982207702706	0.0	0.0
V3	5:Ins:R:0	0.0002491975287813074	0.0	0.0	0.9997508024712187	0.0	0.0
V3	5:Ins:R:1	0.5455117901924433	0.0	0.0	0.4544882098075566	0.0	0.0
V3	5:Ins:R:2	0.9999598144831155	0.0	0.0	4.0185516884515375e-05	0.0	0.0
V3	5:Ins:R:3	0.7464874438051505	0.0	0.0	0.25351255619484947	0.0	0.0
V3	5:Ins:R:4	0.999393816019583	0.0	0.0	0.000606183980416932	0.0	0.0
V3	5:Ins:R:5	0.3257651272171483	0.0	0.0	0.6742348727828517	0.0	0.0
V3	2:Del:M:1	0.5078040110831085	0.0	0.0	0.4921959889168915	0.0	0.0
V3	3:Del:M:1	1.9177076056076414e-05	0.0	0.0	0.999980822923944	0.0	0.0
V3	3:Del:M:2	0.8751868117522741	0.0	0.0	0.124813188247726	0.0	0.0
V3	4:Del:M:1	0.1699756053102881	0.0	0.0	0.8300243946897119	0.0	0.0
V3	4:Del:M:2	0.0926765704820199	0.0	0.0	0.9073234295179801	0.0	0.0
V3	4:Del:M:3	0.07682847626271874	0.0	0.0	0.9231715237372814	0.0	0.0
V3	5:Del:M:1	1.0	0.0	0.0	0.0	0.0	0.0
V3	5:Del:M:2	0.0002849202514606502	0.0	0.0	0.9997150797485392	0.0	0.0
V3	5:Del:M:3	0.4073242430552766	0.0	0.0	0.5926757569447234	0.0	0.0
V3	5:Del:M:4	0.6764874618241549	0.0	0.0	0.3235125381758452	0.0	0.0
V3	5:Del:M:5	0.4008225645539976	0.0	0.0	0.5991774354460024	0.0	0.0
V4	1:Del:C:0	4.156315786599865e-08	0.0	0.0	0.9992447622113959	0.0007551962254462715	0.0
V4	1:Del:C:1	0.0016765929241748393	0.003387391489425708	0.0	0.9926113410913769	0.002324674495022484	0.0
V4	1:Del:C:2	0.0354495311417326	1.2041247205780014e-06	0.0	0.7613769660809707	0.2031722986525762	0.0
V4	1:Del:C:3	0.010125519778473362	0.013622155944181284	0.0	0.9603270741145828	0.015925250162762496	0.0
V4	1:Del:C:4	0.0	0.0	0.0	0.8926493356453746	0.10735066435462533	0.0
V4	1:Del:C:5	0.06808448941695787	0.03135387631561522	0.0	0.040895993274689076	0.8596656409927378	0.0
V4	1:Del:T:0	0.0002441954117327961	0.0017930390960902594	0.0	0.9699648105075693	0.02799795498460757	0.0
V4	1:Del:T:1	0.0025450338490410306	0.010105556273703251	0.0	0.9872493967926615	0.00010001308459419908	0.0
V4	1:Del:T:2	5.5714943850538635e-05	0.0007291784638910481	0.0	0.9825270310914589	0.016688075500799454	0.0
V4	1:Del:T:3	0.0038427332747658608	0.0004679517166991069	0.0	0.9387374035056368	0.05695191150289822	0.0
V4	1:Del:T:4	0.00468418311592061	0.004323136273667118	0.0	0.8647652094680662	0.126227471142346	0.0
V4	1:Del:T:5	4.007648816092716e-08	3.41664926078447e-07	0.0	8.86115264515094e-07	0.9999987321433212	0.0
V4	1:Ins:C:0	0.1485152886750666	0.08009936954014665	0.0	0.5113637588012405	0.2600215829835462	0.0
V4	1:Ins:C:1	0.029897885456732488	0.0	0.0	0.46109857790624775	0.5090035366370198	0.0
V4	1:Ins:C:2	3.053679578549447e-05	2.6371970441605027e-05	0.0	0.9999430912337729	0.0	0.0
V4	1:Ins:C:3	0.8843397185716264	0.06249120624371571	0.0	0.0	0.05316907518465783	0.0
V4	1:Ins:C:4	0.3212961002578524	0.03730635897760059	0.0	0.061866080416998585	0.5795314603475484	0.0
V4	1:Ins:C:5	0.4744756968188766	0.04398235511478852	0.0	0.028014205670153915	0.45352774239618104	0.0
V4	1:Ins:T:0	0.022693128631191974	0.0031007839463233454	0.0	0.949367457952111	0.024838629470373713	0.0
V4	1:Ins:T:1	0.0	1.3340092945987863e-08	0.0	0.9618413498415187	0.03815863681838841	0.0
V4	1:Ins:T:2	1.5460393394339513e-06	4.822375759160459e-07	0.0	0.8431613036110689	0.15683666811201583	0.0
V4	1:Ins:T:3	0.42540129055264303	0.0	0.0	0.45837051067826745	0.11622819876908941	0.0
V4	1:Ins:T:4	0.5077931443816269	0.021238789800065442	0.0	0.12624427135948033	0.34472379445882734	0.0
V4	1:Ins:T:5	0.9899935521729746	2.537847598482176e-07	0.0	0.010005953297848228	2.407444174692857e-07	0.0
V4	2:Del:R:0	0.014236713112081722	0.27620313968415927	0.0	0.7095601472037589	6.1656953428093215e-27	0.0
V4	2:Del:R:1	0.006299968190526746	0.008804808024410854	0.0	0.7950945840037069	0.18980063978135556	0.0
V4	2:Del:R:2	0.025694534882582564	0.17190288423265257	0.0	0.34850921368644955	0.45389336719831525	0.0
V4	2:Del:R:3	0.12276936673008015	0.005182190350776054	0.0	0.6519527079185439	0.22009573500059992	0.0
V4	2:Del:R:4	6.270112709192692e-05	5.1525113596164795e-05	0.0	0.00018668931293178536	0.9996990844463802	0.0
V4	2:Del:R:5	0.002287963789964905	0.7652455013678047	0.0	0.23246653484223032	0.0	0.0
V4	3:Del:R:0	0.05736524861118973	0.0	0.0	0.871381124901226	0.07125362648758433	0.0
V4	3:Del:R:1	0.10861573554842419	0.03777750372427951	0.0	0.5128882136522459	0.34071854707505034	0.0
V4	3:Del:R:2	0.009864649010788852	0.002031080358898256	0.0	0.897460360059201	0.09064391057111189	0.0
V4	3:Del:R:3	0.09091194827138574	0.08246290266133331	0.0	0.07169692175349761	0.7549282273137834	0.0
V4	3:Del:R:4	0.06050946704067322	0.11134259659391171	0.0	0.6063730125332988	0.2217749238321163	0.0
V4	3:Del:R:5	0.06050946704067322	0.11134259659391171	0.0	0.6063730125332988	0.2217749238321163	0.0
V4	4:Del:R:0	6.868031580689315e-07	0.007714294881780587	0.0	0.9542754154007766	0.0380096029142846	0.0
V4	4:Del:R:1	0.027085075325190073	0.006432309496472131	0.0	0.7719705788161162	0.19451203636222167	0.0
V4	4:Del:R:2	9.669094604741916e-06	0.16656244154643143	0.0	0.5145000976873023	0.31892779167166163	0.0
V4	4:Del:R:3	0.0002911300914119147	0.9926183669269386	0.0	0.006585141912539647	0.0005053610691098954	0.0
V4	4:Del:R:4	0.06518097328743616	0.12360011684956604	0.0	0.654501015838482	0.1567178940245159	0.0
V4	4:Del:R:5	0.06050946704067322	0.11134259659391171	0.0	0.6063730125332988	0.2217749238321163	0.0
V4	5:Del:R:0	5.083090954936797e-06	0.04805243774897928	0.0	2.1370575206053876e-05	0.9519211085848598	0.0
V4	5:Del:R:1	0.013368278183766591	0.0007903318627890644	0.0	0.5808343685402771	0.40500702141316725	0.0
V4	5:Del:R:2	0.006887195668307172	0.0	0.0	0.6405526116930995	0.35256019263859323	0.0
V4	5:Del:R:3	0.0016483839863489379	0.10442083392872539	0.0	0.002246179711189926	0.8916846023737358	0.0
V4	5:Del:R:4	0.06050946704067322	0.11134259659391171	0.0	0.6063730125332988	0.2217749238321163	0.0
V4	5:Del:R:5	0.09484217497679383	0.20540732588001512	0.0	0.6996981886380738	5.2310505117237756e-05	0.0
V4	2:Ins:R:0	0.054390782303353064	0.034245562972579274	0.0	0.8988177988994892	0.012545855824578449	0.0
V4	2:Ins:R:1	0.01922710744023789	0.002349322011120859	0.0	0.8975235005254613	0.08090007002317999	0.0
V4	2:Ins:R:2	0.07189188844819816	4.713840391307649e-06	0.0	0.7709162323951468	0.15718716531626367	0.0
V4	2:Ins:R:3	0.22658588592480644	0.061747726320354315	0.0	0.654585388042418	0.05708099971242126	0.0
V4	2:Ins:R:4	0.15615842255568646	0.018626735941968956	0.0	0.0	0.8252148415023446	0.0
V4	2:Ins:R:5	0.2612016668070497	0.0	0.0	0.07432963148218358	0.6644687017107668	0.0
V4	3:Ins:R:0	3.259141046940369e-06	1.0750306349608555e-05	0.0	0.9213374985581153	0.07864849199448812	0.0
V4	3:Ins:R:1	0.0020890838464709383	0.07391735279016401	0.0	0.3765879343075858	0.5474056290557792	0.0
V4	3:Ins:R:2	0.00010779197802347965	7.970265358161284e-05	0.0	0.0009414056992302544	0.9988710996691645	0.0
V4	3:Ins:R:3	0.10436455595190713	0.0001541870168890073	0.0	0.8951676196180268	0.00031363741317700787	0.0
V4	3:Ins:R:4	0.0002676129040103939	0.9960298117489318	0.0	0.001233853192308155	0.0024687221547496827	0.0
V4	3:Ins:R:5	0.0073801483142336465	0.102197490082284	0.0	3.181050948103451e-05	0.8903905510940013	0.0
V4	4:Ins:R:0	2.8005888592052645e-05	7.831734087218519e-05	0.0	0.7584319885314617	0.24146168823907405	0.0
V4	4:Ins:R:1	0.10559995856214045	0.047996621513253054	0.0	0.35291080054173696	0.4934926193828695	0.0
V4	4:Ins:R:2	0.00013029686145722228	0.00027958414704824005	0.0	0.9989823296061054	0.0006077893853891742	0.0
V4	4:Ins:R:3	0.00020408536293240622	0.9971839944527234	0.0	0.0019486271582455112	0.0006632930260986577	0.0
V4	4:Ins:R:4	1.0132873558166887e-06	0.999478840406574	0.0	0.0005183959197983553	1.7503862717333237e-06	0.0
V4	4:Ins:R:5	0.14245184375545308	0.03998874526591633	0.0	0.5577095966653242	0.2598498143133064	0.0
V4	5:Ins:R:0	3.277078996341338e-05	2.564378848700026e-05	0.0	0.9999295372673693	1.2048154180297612e-05	0.0
V4	5:Ins:R:1	0.12129177299819559	0.010493499587289698	0.0	0.7685715089136731	0.0996432185008416	0.0
V4	5:Ins:R:2	0.9990456891824622	0.00022378672772703736	0.0	0.0003053562534195048	0.00042516783639126376	0.0
V4	5:Ins:R:3	0.0837292449670753	0.26022161409479083	0.0	0.2162661748488332	0.4397829660893007	0.0
V4	5:Ins:R:4	0.7424072545828224	0.25254897539537896	0.0	0.003424872915246456	0.0016188971065522451	0.0
V4	5:Ins:R:5	0.05973231840453804	1.1221052900247253e-06	0.0	0.9402653839230742	1.1755670975989543e-06	0.0
V4	2:Del:M:1	0.08978895970176391	0.00732604898806954	0.0	0.6619106055694564	0.24097438574071017	0.0
V4	3:Del:M:1	2.5214773552928193e-06	2.1931664781499916e-07	0.0	0.9999972592059968	0.0	0.0
V4	3:Del:M:2	0.2771346714533089	0.1272433466009541	0.0	0.30059726961991823	0.29502471232581884	0.0
V4	4:Del:M:1	0.02413778351101883	0.01063172487738613	0.0	0.89647071019616	0.06875978141543514	0.0
V4	4:Del:M:2	0.011128272445418731	0.026890551547592543	0.0	0.8286180277350859	0.1333631482719029	0.0
V4	4:Del:M:3	0.010661354149554679	0.0	0.0	0.9743320901363124	0.015006555714132959	0.0
V4	5:Del:M:1	6.540393148081546e-30	0.16699812106529957	0.0	0.0	0.8330018789347003	0.0
V4	5:Del:M:2	1.1722763554856269e-05	0.11729508637106012	0.0	0.31283647687162053	0.5698567139937644	0.0
V4	5:Del:M:3	0.043152695778229076	0.0823329039139807	0.0	0.47755048688353896	0.3969639134242512	0.0
V4	5:Del:M:4	0.09374831712705643	0.05237472948777911	0.0	0.34098031095277165	0.5128966424323929	0.0
V4	5:Del:M:5	0.0418496732317473	0.0	0.0	0.4758058916677621	0.48234443510049063	0.0
V5	1:Del:C:0	1.8221479858572337e-08	0.0	0.0012091202215775568	0.9937595080040382	0.0007725235089950835	0.0042588300439092746
V5	1:Del:C:1	0.0007147742110092894	0.027685685602492776	0.0019331195364196473	0.9599636462201253	0.0023124916964079264	0.007390282733544924
V5	1:Del:C:2	0.014644821503949452	9.53660301749021e-06	0.0	0.7135224284148111	0.1958460724997584	0.07597714097846354
V5	1:Del:C:3	0.003980693360402232	0.10266818645481045	0.004035776921985813	0.8564359299078269	0.014608460365757739	0.018270952989216823
V5	1:Del:C:4	0.0	0.0	0.007912115104413895	0.8810939190319218	0.10899047159225671	0.002003494271407578
V5	1:Del:C:5	0.02440501224781709	0.2154620217562447	0.0048946969721781015	0.03325415475979627	0.71901375648518	0.0029703577787839586
V5	1:Del:T:0	0.00010487262226731197	0.01476260609547561	9.665548885633393e-05	0.9449632400087795	0.028056127338974193	0.01201649844564705
V5	1:Del:T:1	0.0010300510712851004	0.0784104714224532	0.0028784451045677996	0.9064135312360865	9.44493128284845e-05	0.011173051852778964
V5	1:Del:T:2	2.4369680987313306e-05	0.00611449543533676	0.0003222162565964667	0.9748930227442514	0.017031825078286413	0.0016140708045417564
V5	1:Del:T:3	0.001684592175603635	0.003932821431666566	0.0020418941492125	0.9335400802043677	0.05825586143195526	0.000544750607194214
V5	1:Del:T:4	0.0019935077267217043	0.03527212536114124	0.0024194897914789145	0.8348656178296732	0.12534722559847852	0.00010203369250639896
V5	1:Del:T:5	1.7175583957901514e-08	2.8071841089214668e-06	2.785737704715608e-07	8.614823408757066e-07	0.9999955983275398	4.3725665597795076e-07
V5	1:Ins:C:0	0.010656149498797455	0.11018104412523898	0.7268724887409602	0.08323258720571747	0.04353267195887178	0.025525058470414037
V5	1:Ins:C:1	0.010250014665283047	0.0	2.202893789667404e-05	0.35860150152777237	0.4071754623954386	0.2239509924736094
V5	1:Ins:C:2	1.1057823378840902e-05	0.00018307852688103426	8.538290388222337e-06	0.8214020381123507	0.0	0.17839528724700127
V5	1:Ins:C:3	0.38998504197926936	0.5283191725499478	8.495216013872809e-06	0.0	0.054709747501277696	0.02697754275349143
V5	1:Ins:C:4	0.12512609659814095	0.27853126528211863	0.00028116143048058774	0.05465493119786372	0.5266186611212041	0.014787884370191871
V5	1:Ins:C:5	0.19429943005058542	0.3452905399186957	0.0	0.02602376778456336	0.43334939819085966	0.001036864055295848
V5	1:Ins:T:0	0.009728054472366283	0.025483071377085956	0.0007154391756765636	0.9232095064470639	0.02484483021323244	0.016019098314574858
V5	1:Ins:T:1	0.0	1.0868692965018156e-07	0.00845443846201786	0.9272729083892711	0.03783898313056612	0.026433561331215227
V5	1:Ins:T:2	6.427946748498726e-07	3.843805661970551e-06	4.255832030499721e-07	0.7952372306794792	0.1521514594498351	0.05260639768714596
V5	1:Ins:T:3	0.22200927841831922	0.0	0.02472215965206744	0.5426543634430354	0.14153394594348973	0.06908025254308825
V5	1:Ins:T:4	0.2507695519472761	0.20107884515955562	0.002637325246101455	0.14142753067699423	0.39722449129092646	0.006862255679146174
V5	1:Ins:T:5	0.974282141303758	4.788136902418254e-06	1.3634645907991477e-07	0.022338044680217037	5.528220873454195e-07	0.0033743367105762557
V5	2:Del:R:0	0.002049123902625045	0.7621417303004511	0.00024197985045098732	0.2316765134452233	2.0707007117564846e-27	0.003890652501249674
V5	2:Del:R:1	0.002376738968861146	0.06368126272437566	0.004663026708518356	0.6804500232705536	0.16707735355077785	0.08175159477691335
V5	2:Del:R:2	0.004962834726873092	0.6365329067181098	0.0	0.15269950315594108	0.204559509473651	0.0012452459254249696
V5	2:Del:R:3	0.05508771255729102	0.044578631255867855	7.688562637815873e-07	0.6636133664575743	0.230437489834605	0.0062820310383979935
V5	2:Del:R:4	2.0741082551325903e-05	0.0003267560783961854	2.1713971741886397e-05	0.00014009087170054835	0.771617648095936	0.22787304989967402
V5	2:Del:R:5	0.00014100588058737497	0.9041437993373961	0.0631149343004449	0.032499960122041746	0.0	0.00010030035952991421
V5	3:Del:R:0	0.01689616436031639	0.0	0.05165859487602976	0.5822127363193323	0.048969199383752986	0.3002633050605686
V5	3:Del:R:1	0.037406611824552044	0.24942359081058088	0.00889662378867107	0.40069382725951525	0.27379668508300453	0.029782661233676264
V5	3:Del:R:2	0.004167102546662421	0.016448575848514013	0.021395816170030654	0.8600072921132057	0.08934453018958483	0.008636683132002457
V5	3:Del:R:3	0.02284145167051183	0.39720069463381763	1.2773577071322237e-05	0.0408636875221991	0.44257327603747765	0.0965081165589226
