Sample Names	MutationType	ID83A	ID83B	ID83C	ID83D	ID83E	ID83F
V1	1:Del:C:0	0.00197533720689133	0.0019677474466085676	0.00839341904457115	0.026169211328846663	0.11423445769707279	0.8472598272760096
V1	1:Del:C:1	0.009890479224268944	0.00019667930762756622	0.015791526853462644	0.060783932850082156	2.509714244555804e-07	0.9133371307931343
V1	1:Del:C:2	0.11272394292330062	0.10943792059410923	0.2652959035251651	0.4097394537638446	0.0	0.10280277919358055
V1	1:Del:C:3	0.006145596796305551	0.002426588678805839	0.12439394174011835	0.11454241125456062	0.13337396609491156	0.619117495435298
V1	1:Del:C:4	0.06477381560986988	0.06874526508703999	0.0720552210752769	0.008546484411138713	0.0	0.7858792138166745
V1	1:Del:C:5	0.36520360644543837	0.20711865017744285	0.2583828159504173	0.08827279956762163	1.6237231104816474e-35	0.08102212785907974
V1	1:Del:T:0	0.021829303808275705	0.019572866131029105	0.06467734793146807	0.08269439640273286	0.05665291240963969	0.7545731733168546
V1	1:Del:T:1	0.045241293557331225	0.006086343958607536	0.034343128994819914	0.05605694465877686	0.09131033867957197	0.7669619501508924
V1	1:Del:T:2	0.7974271224167345	8.646975011419277e-05	0.004823068190838695	0.06948327611479363	0.0	0.1281800635275191
V1	1:Del:T:3	0.05932130000122526	0.018775492578959375	0.040969382465478585	0.024096081773194347	0.007006624385469883	0.8498311187956725
V1	1:Del:T:4	0.04233045701399544	0.04640003164649076	0.04147340577167046	0.005637672879546921	1.997861710215743e-43	0.8641584326882965
V1	1:Del:T:5	0.005653497549029031	0.9382596494130852	0.04304083061519803	0.009298194819528288	5.080666603713131e-06	0.0037427469365556715
V1	1:Ins:C:0	0.00012213047036865646	0.002720130582472386	2.457679773041165e-05	0.6414037337792464	0.26319413548747	0.09253529288271219
V1	1:Ins:C:1	0.11381077810016489	0.004106878595904904	0.27327048983821	0.18368686835095438	0.4250072428180133	0.00011774229675253595
V1	1:Ins:C:2	1.2370370446071081e-05	0.0781690671798481	0.5522440310321256	0.36930857421407054	5.180531459128465e-05	0.00021415188891850458
V1	1:Ins:C:3	0.09526941782425574	0.04520484523057121	0.6666523197218909	0.03719955790373176	0.14431708850663133	0.011356770812918984
V1	1:Ins:C:4	0.011983477959526813	0.0005266901632388895	0.01353611526858725	0.0012544775421747833	0.9661839163195873	0.006515322746885008
V1	1:Ins:C:5	0.07688818527762503	0.029418721448688998	0.8868408052347941	0.005371543110934721	0.0	0.0014807449279570066
V1	1:Ins:T:0	0.0019229435870787449	0.000585371720659089	0.0029164705134045055	0.0023030865182601503	0.9811265388447733	0.011145588815824219
V1	1:Ins:T:1	0.5859591549074268	0.00285446616844597	0.03493945736641568	0.010655657745545402	0.27819547592614363	0.08739578788602251
V1	1:Ins:T:2	0.2949273017135005	0.04440676517525753	3.6613814226861043e-06	0.14652633919620567	0.1924305658443296	0.321705366689284
V1	1:Ins:T:3	0.053954614538840415	0.005680743219194785	0.2099661946976579	0.016940760048794752	0.6383898777085673	0.075067809786945
V1	1:Ins:T:4	0.012081174738272743	0.024623130426623174	0.9353900792691332	0.011364810253580463	0.0	0.01654080531239026
V1	1:Ins:T:5	6.087465088440823e-32	0.00039218053498902173	0.9742147555619025	0.00040103363268611804	0.02496952722323619	2.2503047186142442e-05
V1	2:Del:R:0	0.15301714289295293	0.019267225053689028	0.010475260154740202	0.12998968691571508	0.0302102194734774	0.6570404655094253
V1	2:Del:R:1	0.03060747749337713	0.10109075292287607	0.15713035437642914	0.6265503638633281	0.05814197721629386	0.02647907412769587
V1	2:Del:R:2	0.2223675420495097	0.06451017175552391	0.22633802401225706	0.07021753940801158	0.38550252320484285	0.03106419956985494
V1	2:Del:R:3	0.002265824050801374	0.0009194426455518725	4.0628679520400036e-08	0.0009234215154104099	0.9949197452651262	0.000971525894430709
V1	2:Del:R:4	0.926403333159732	0.00030592892989939025	0.0026998344843599453	2.350937718713056e-07	0.07059066833223679	0.0
V1	2:Del:R:5	9.58840640714404e-05	0.14256170798286125	0.5261903332293477	0.33079914829183105	0.00018591432796427542	0.0001670121039243994
V1	3:Del:R:0	0.036140027515386745	0.011228752526566946	0.20178209603438152	0.6155424436645738	0.0	0.135306680259091
V1	3:Del:R:1	0.01130836775040909	0.0532953997103522	0.7048412534469709	0.08155690636327502	0.0840923456679852	0.06490572706100783
V1	3:Del:R:2	0.0	0.019248112143326414	0.05027581462826615	0.03046418538130707	0.5670130327927193	0.33299885505438104
V1	3:Del:R:3	0.0	0.03344693630006495	0.5664344020805443	0.08932780332585674	7.3126266027068615e-06	0.31078354566693134
V1	3:Del:R:4	1.6483303225176394e-07	6.885071521394334e-09	0.0002523091905135354	2.701542180163891e-08	0.9997472587733256	2.33302635283667e-07
V1	3:Del:R:5	0.12808376875754973	0.012562277557638347	0.23872888089575664	0.05269427814090579	0.3727056628600527	0.19522513178809695
V1	4:Del:R:0	0.025028841555012737	0.02475095308502423	2.5172419934399874e-06	0.5001431513068919	0.3096037666530378	0.14047077015803988
V1	4:Del:R:1	0.036441846501648195	0.01903125930995386	0.20654472117118924	0.086547475745898	0.009987114134022765	0.641447583137288
V1	4:Del:R:2	0.045403653138993416	0.03981867169554037	0.4307375280315411	0.10753283516985904	0.2495919557057372	0.12691535625832892
V1	4:Del:R:3	0.12808376875754973	0.012562277557638347	0.23872888089575664	0.05269427814090579	0.3727056628600527	0.19522513178809695
V1	4:Del:R:4	0.12808376875754973	0.012562277557638347	0.23872888089575664	0.05269427814090579	0.3727056628600527	0.19522513178809695
V1	4:Del:R:5	0.12808376875754973	0.012562277557638347	0.23872888089575664	0.05269427814090579	0.3727056628600527	0.19522513178809695
V1	5:Del:R:0	5.2630097711287497e-08	0.016245486984982863	0.0	0.8021590662927072	0.17798188472384	0.003613509368372247
V1	5:Del:R:1	0.0009260532425735223	0.00016433282722957065	0.008128289510014814	0.0007101739059445325	0.9797393753280534	0.010331775186184283
V1	5:Del:R:2	0.3497295363559956	0.05736491370769323	0.00041621767065794896	0.5920478953556263	0.00023944999233868397	0.00020198691768818307
V1	5:Del:R:3	0.12808376875754973	0.012562277557638347	0.23872888089575664	0.05269427814090579	0.3727056628600527	0.19522513178809695
V1	5:Del:R:4	0.12808376875754973	0.012562277557638347	0.23872888089575664	0.05269427814090579	0.3727056628600527	0.19522513178809695
V1	5:Del:R:5	0.00019124932215777574	0.00635864444597962	2.3163372750604862e-05	0.0695394719644858	0.9238454679456017	4.200294902441911e-05
V1	2:Ins:R:0	0.3692498360659312	0.017537953595342888	1.3264262518046833e-05	0.4980552694647767	0.04738365673518306	0.067760019876248
V1	2:Ins:R:1	0.13757121544709505	0.02994603604213684	0.11857363518154213	0.18524611041221406	0.05142918444298741	0.47723381847402446
V1	2:Ins:R:2	0.0	0.04322671531055249	0.022570678444077997	0.026692967133756258	0.6830936165181292	0.22441602259348414
V1	2:Ins:R:3	3.457933473291413e-06	0.05791772105896441	0.854441224301376	0.06393582067615425	0.0	0.02370177603003189
V1	2:Ins:R:4	0.028039163672060528	0.031925201475283535	0.8624055329498517	0.0	0.0	0.07763010190280435
V1	2:Ins:R:5	0.009842394911468096	0.056647202589448664	0.863484162128688	0.016367249504323365	0.053658850077905315	1.4078816659629174e-07
V1	3:Ins:R:0	1.1682997308899909e-05	0.1716852769589322	0.0007366919498117857	0.8272134968388126	0.00029150215206760765	6.134910306682649e-05
V1	3:Ins:R:1	0.0	0.00024327298432513287	0.006259646062058509	0.011063910621908724	0.9824331022561189	6.807558887058275e-08
V1	3:Ins:R:2	0.532277682804858	2.1966728877371656e-05	0.00014790405662157575	0.4668429715846936	0.0003597661585773797	0.0003497086663721497
V1	3:Ins:R:3	0.9684864678845676	0.0001404497106163906	0.0074805243571132215	0.02369175477737927	5.519338385609157e-05	0.00014560988646745204
V1	3:Ins:R:4	5.5545618255463566e-05	0.0015709118931642133	9.093536560841801e-05	0.13807932018293495	0.7361291117982282	0.1240741751418087
V1	3:Ins:R:5	0.016944050569242922	0.030095150690513238	0.8738019926141493	0.0	0.012481324469517451	0.06667748165657707
V1	4:Ins:R:0	0.00011006241789386032	0.015187773908174988	0.000216984642240714	0.2805567138845245	0.008498793948745361	0.6954296711984207
V1	4:Ins:R:1	4.4886685001749805e-06	0.1029677775545498	0.1490420544260021	0.022034188956707706	0.5136720453677662	0.21227944502647403
V1	4:Ins:R:2	0.00043099725852476986	0.05291485047392977	0.9445470338414541	0.00029614102474579616	0.0012206397562595588	0.0005903376450859157
V1	4:Ins:R:3	0.9049353258106833	0.000592940776521441	0.0	0.02914614608427867	0.06532558732851669	0.0
V1	4:Ins:R:4	1.3208930360507395e-05	0.003665070062492289	0.796129943033402	0.0	0.20010083197647985	9.094599726533264e-05
V1	4:Ins:R:5	0.05080683714767893	0.03335170404070033	0.7508355400617566	0.08176209558764586	0.08324226392473189	1.5592374863775544e-06
V1	5:Ins:R:0	0.000924838756572118	0.15223918269230402	0.00214104148999954	0.8395950727423889	0.003660268411692698	0.0014395959070427917
V1	5:Ins:R:1	0.0	0.02156159884765537	0.12378461931917856	0.5963862511633283	0.02011725053207665	0.23815028013776113
V1	5:Ins:R:2	0.0021320522645119143	0.00015659017301523228	0.004071008824530421	0.9774949194471054	0.013680476193359062	0.00246495309747806
V1	5:Ins:R:3	0.0002453941456211958	2.1759601509826783e-05	0.9984379917256708	8.949874946303633e-05	0.0007662032692317825	0.00043915250850345175
V1	5:Ins:R:4	7.890484212894255e-05	1.0314043283489594e-05	0.6652624658654744	2.2593069645796266e-05	0.00026883459859471077	0.3343568875808726
V1	5:Ins:R:5	0.35293729677311503	4.060130736762112e-05	6.375174415355835e-06	3.03303501338594e-05	0.6468498072161567	0.00013558917881143355
V1	2:Del:M:1	0.057392598074979206	0.009688225906884989	0.3681968657510534	0.12398787348770812	0.0	0.4407344367793743
V1	3:Del:M:1	0.06001703936721222	0.013714186049685901	0.01204651370123967	0.34934856065564346	0.17998872187871953	0.38488497834749913
V1	3:Del:M:2	0.0	0.0390033753664747	0.281504314878645	0.24380273242246575	0.2361713395346905	0.19951823779772407
V1	4:Del:M:1	0.0996283825544309	0.031909052401713836	4.9888339579178795e-06	0.47203973505286057	0.11856673412030017	0.2778511070367365
V1	4:Del:M:2	0.10269531279109083	0.08519140317888466	0.2900457703829322	0.01924230237761359	1.284018173447023e-05	0.5028123710877442
V1	4:Del:M:3	0.0429976454789539	0.018974791594083152	0.14715091445294548	0.07127348128631282	1.6961900543830234e-05	0.7195862052871609
V1	5:Del:M:1	0.0	0.01770151750078053	0.034678672063140015	0.852392722950764	0.09457124272743327	0.0006558447578822269
V1	5:Del:M:2	0.027428423201211843	0.01760298721157778	0.006642614115621378	0.8999185519827931	0.03594647396874044	0.012460949520055312
V1	5:Del:M:3	0.021260025862171846	0.012839261154438609	0.10654840667441316	0.6971333055266115	0.08693799393148048	0.07528100685088432
V1	5:Del:M:4	0.023108153407323834	0.033395988693546964	8.474379644110869e-06	0.6667494341264194	0.2720876544677862	0.004650294925279542
V1	5:Del:M:5	0.002314717471701159	0.08842337062790853	0.03709668238038602	0.8410485855074599	0.02321390725459571	0.007902736757948569
V2	1:Del:C:0	0.0004047513122101792	0.004630035814412372	0.0	0.0	0.0	0.9949652128733775
V2	1:Del:C:1	0.0018851032980314614	0.000430471556375427	0.0	0.0	0.0	0.997684425145593
V2	1:Del:C:2	0.0575528085989053	0.6416322062225469	0.0	0.0	0.0	0.3008149851785478
V2	1:Del:C:3	0.00171555146742659	0.007778642763124639	0.0	0.0	0.0	0.9905058057694488
V2	1:Del:C:4	0.012088690551739466	0.14732978070978428	0.0	0.0	0.0	0.8405815287384761
V2	1:Del:C:5	0.1138426328439552	0.7414076316817236	0.0	0.0	0.0	0.14474973547432113
V2	1:Del:T:0	0.004775411682399984	0.04916922121623863	0.0	0.0	0.0	0.9460553671013614
V2	1:Del:T:1	0.010029701193120275	0.015494495645213335	0.0	0.0	0.0	0.9744758031616663
V2	1:Del:T:2	0.5201595024201517	0.0006477056853714663	0.0	0.0	0.0	0.4791927918944768
V2	1:Del:T:3	0.011528853314120938	0.04190200118925149	0.0	0.0	0.0	0.9465691454966274
V2	1:Del:T:4	0.007657730041365042	0.0963903024646995	0.0	0.0	0.0	0.8959519674939355
V2	1:Del:T:5	0.0005234016185133529	0.9974907203245167	0.0	0.0	0.0	0.0019858780569699756
V2	1:Ins:C:0	0.00021743201516102276	0.05561054943797234	0.0	0.0	0.0	0.9441720185468666
V2	1:Ins:C:1	0.7040731692406998	0.2917522663545879	0.0	0.0	0.0	0.004174564404712427
V2	1:Ins:C:2	1.3761964179254016e-05	0.9986208254940158	0.0	0.0	0.0	0.001365412541805079
V2	1:Ins:C:3	0.1402135437949156	0.763993058713435	0.0	0.0	0.0	0.09579339749164936
V2	1:Ins:C:4	0.2164170909986539	0.10922746450354427	0.0	0.0	0.0	0.6743554444978017
V2	1:Ins:C:5	0.18168303357650695	0.7982639700097884	0.0	0.0	0.0	0.02005299641370465
V2	1:Ins:T:0	0.026515178865609824	0.09268889972057848	0.0	0.0	0.0	0.8807959214138118
V2	1:Ins:T:1	0.5233557684234013	0.029276728341110003	0.0	0.0	0.0	0.44736750323548863
V2	1:Ins:T:2	0.11135142367793564	0.19252977624703524	0.0	0.0	0.0	0.6961188000750292
V2	1:Ins:T:3	0.09820360523384043	0.11873314400392232	0.0	0.0	0.0	0.7830632507622372
V2	1:Ins:T:4	0.031006376557829257	0.7256932578024248	0.0	0.0	0.0	0.24330036563974597
V2	1:Ins:T:5	1.3140752099825103e-29	0.9721599936384969	0.0	0.0	0.0	0.027840006361503005
V2	2:Del:R:0	0.036961661368981644	0.05344394851931194	0.0	0.0	0.0	0.9095943901117064
V2	2:Del:R:1	0.022786599269906636	0.8642340611167717	0.0	0.0	0.0	0.11297933961332163
V2	2:Del:R:2	0.19485517014891096	0.6491375135338623	0.0	0.0	0.0	0.15600731631722664
V2	2:Del:R:3	0.123195619570365	0.5740658317148268	0.0	0.0	0.0	0.30273854871480815
V2	2:Del:R:4	0.9962221509224083	0.0037778490775916868	0.0	0.0	0.0	0.0
V2	2:Del:R:5	5.853239572490024e-05	0.9993571592790277	0.0	0.0	0.0	0.0005843083252474058
V2	3:Del:R:0	0.03842432056884424	0.13709360601546994	0.0	0.0	0.0	0.8244820734156858
V2	3:Del:R:1	0.011361724749986769	0.6148965207175081	0.0	0.0	0.0	0.37374175453250513
V2	3:Del:R:2	0.0	0.10379500864739179	0.0	0.0	0.0	0.8962049913526082
V2	3:Del:R:3	0.0	0.17738559438629456	0.0	0.0	0.0	0.8226144056137055
V2	3:Del:R:4	0.10425893813889568	0.050008689866450615	0.0	0.0	0.0	0.8457323719946536
V2	3:Del:R:5	0.09206635238993907	0.10369150916391955	0.0	0.0	0.0	0.8042421384461413
V2	4:Del:R:0	0.02246117146034065	0.2550654015696569	0.0	0.0	0.0	0.7224734269700025
V2	4:Del:R:1	0.009269815563106944	0.05559122153211518	0.0	0.0	0.0	0.9351389629047779
V2	4:Del:R:2	0.036912643648446646	0.37173982721494697	0.0	0.0	0.0	0.5913475291366064
V2	4:Del:R:3	0.09206635238993907	0.10369150916391955	0.0	0.0	0.0	0.8042421384461413
V2	4:Del:R:4	0.09206635238993907	0.10369150916391955	0.0	0.0	0.0	0.8042421384461413
V2	4:Del:R:5	0.09206635238993907	0.10369150916391955	0.0	0.0	0.0	0.8042421384461413
V2	5:Del:R:0	2.5393018505644197e-07	0.9000794761998601	0.0	0.0	0.0	0.0999202698699548
V2	5:Del:R:1	0.014929977136978337	0.03042394200052745	0.0	0.0	0.0	0.9546460808624943
V2	5:Del:R:2	0.3463945926094498	0.6524588222896585	0.0	0.0	0.0	0.0011465851008917829
V2	5:Del:R:3	0.09206635238993907	0.10369150916391955	0.0	0.0	0.0	0.8042421384461413
V2	5:Del:R:4	0.09206635238993907	0.10369150916391955	0.0	0.0	0.0	0.8042421384461413
V2	5:Del:R:5	0.0026037883674332974	0.9941188088235801	0.0	0.0	0.0	0.0032774028089866255
V2	2:Ins:R:0	0.38504071650321503	0.2100067402428064	0.0	0.0	0.0	0.4049525432539786
V2	2:Ins:R:1	0.04276959493029477	0.10690915015555578	0.0	0.0	0.0	0.8503212549141496
V2	2:Ins:R:2	0.0	0.27846910439652817	0.0	0.0	0.0	0.7215308956034718
V2	2:Ins:R:3	4.317391582534983e-06	0.830394077856284	0.0	0.0	0.0	0.16960160475213334
V2	2:Ins:R:4	0.03339748254260971	0.43666692113320144	0.0	0.0	0.0	0.5299355963241887
V2	2:Ins:R:5	0.01490499806178907	0.985093780021649	0.0	0.0	0.0	1.2219165619300303e-06
V2	3:Ins:R:0	5.924793700758886e-06	0.999815766957622	0.0	0.0	0.0	0.00017830824867720355
V2	3:Ins:R:1	0.0	0.9998603589314848	0.0	0.0	0.0	0.00013964106851513988
V2	3:Ins:R:2	0.9957785757141775	0.00047190858910544454	0.0	0.0	0.0	0.003749515696717034
V2	3:Ins:R:3	0.9974793876982637	0.0016611130621445316	0.0	0.0	0.0	0.0008594992395918304
V2	3:Ins:R:4	7.617476251674792e-05	0.024738940898994533	0.0	0.0	0.0	0.9751848843384886
V2	3:Ins:R:5	0.02275354070636683	0.46408362223582666	0.0	0.0	0.0	0.5131628370578065
V2	4:Ins:R:0	2.6456352315053103e-05	0.041923063506997066	0.0	0.0	0.0	0.9580504801406879
V2	4:Ins:R:1	1.871034670401212e-06	0.4928713942408726	0.0	0.0	0.0	0.5071267347244571
V2	4:Ins:R:2	0.0007048736698071983	0.9937618607023486	0.0	0.0	0.0	0.005533265627844184
V2	4:Ins:R:3	0.9925319666220441	0.007468033377955921	0.0	0.0	0.0	0.0
V2	4:Ins:R:4	0.0003099112257165251	0.9874609039920821	0.0	0.0	0.0	0.012229184782201375
V2	4:Ins:R:5	0.11711920045173271	0.8828601997737413	0.0	0.0	0.0	2.0599774525870764e-05
V2	5:Ins:R:0	0.0005262573685204233	0.9947789433187708	0.0	0.0	0.0	0.0046947993127087195
V2	5:Ins:R:1	0.0	0.15355151571392864	0.0	0.0	0.0	0.8464484842860714
V2	5:Ins:R:2	0.11807131579777734	0.09958158441060626	0.0	0.0	0.0	0.7823470997916164
V2	5:Ins:R:3	0.08146863812998398	0.08295549673594099	0.0	0.0	0.0	0.8355758651340751
V2	5:Ins:R:4	4.117223071570629e-05	6.180130754441432e-05	0.0	0.0	0.0	0.9998970264617401
V2	5:Ins:R:5	0.9964895744156356	0.001316385815554712	0.0	0.0	0.0	0.002194039768809772
V2	2:Del:M:1	0.02129931090494126	0.04128781465195876	0.0	0.0	0.0	0.9374128744431001
V2	3:Del:M:1	0.024766168511378615	0.06498636778534503	0.0	0.0	0.0	0.9102474637032762
V2	3:Del:M:2	0.0	0.2814495548685017	0.0	0.0	0.0	0.7185504451314983
V2	4:Del:M:1	0.04839932998425202	0.178007437584024	0.0	0.0	0.0	0.773593232431724
V2	4:Del:M:2	0.025915580372302436	0.2468732646632312	0.0	0.0	0.0	0.7272111549644664
V2	4:Del:M:3	0.009805683953570345	0.049691053346257126	0.0	0.0	0.0	0.9405032627001726
V2	5:Del:M:1	0.0	0.9818444450142892	0.0	0.0	0.0	0.01815555498571075
V2	5:Del:M:2	0.09112875809021431	0.6715973208912681	0.0	0.0	0.0	0.23727392101851755
V2	5:Del:M:3	0.035424711979920635	0.24566910495197744	0.0	0.0	0.0	0.718906183068102
V2	5:Del:M:4	0.05333588917304643	0.8851493903083829	0.0	0.0	0.0	0.06151472051857065
V2	5:Del:M:5	0.0021775292409035294	0.9552148010906757	0.0	0.0	0.0	0.042607669668420785
V3	1:Del:C:0	0.0	0.007189742070732091	0.0008870856072828136	0.0	0.020541362539177672	0.9713818097828073
V3	1:Del:C:1	0.0	0.0006847137086767409	0.00159021977366449	0.0	4.299943985494937e-08	0.9977250235182189
V3	1:Del:C:2	0.0	0.7326656158546933	0.05137492442651338	0.0	0.0	0.21595945971879338
V3	1:Del:C:3	0.0	0.011730745456440575	0.017394475902218442	0.0	0.031731359560548386	0.9391434190807926
V3	1:Del:C:4	0.0	0.2165716530693571	0.0065660917886188825	0.0	0.0	0.776862255142024
V3	1:Del:C:5	0.0	0.8629372100444509	0.03113911678242334	0.0	3.329355201531493e-36	0.10592367317312577
V3	1:Del:T:0	0.0	0.07499066372038349	0.00716782921879348	0.0	0.010682260952157572	0.9071592461086654
V3	1:Del:T:1	0.0	0.024129838752462277	0.003938405804233427	0.0	0.017815829656687758	0.9541159257866165
V3	1:Del:T:2	0.0	0.0021378689023598255	0.00344923625532762	0.0	0.0	0.9944128948423127
V3	1:Del:T:3	0.0	0.06542714540914281	0.004129607012384716	0.0	0.001201610291590294	0.9292416372868821
V3	1:Del:T:4	0.0	0.1455651219723057	0.0037634957222298262	0.0	3.0845559038361275e-44	0.8506713823054645
V3	1:Del:T:5	0.0	0.9974277704507991	0.00132349326033935	0.0	2.658075323494088e-07	0.0012484704813292265
V3	1:Ins:C:0	0.0	0.06083987990117018	1.5900345603057457e-05	0.0	0.28970965783242375	0.649434561920803
V3	1:Ins:C:1	0.0	0.12458441705926458	0.2397879025835923	0.0	0.634506917417909	0.0011207629392340403
V3	1:Ins:C:2	0.0	0.8297073737927955	0.16955231540933272	0.0	2.706153990765438e-05	0.0007132492579641311
V3	1:Ins:C:3	0.0	0.6014949857087458	0.25658371759185894	0.0	0.09450460116040646	0.04741669553898876
V3	1:Ins:C:4	0.0	0.010426958378344304	0.007751382188693738	0.0	0.94134843871652	0.04047322071644199
V3	1:Ins:C:5	0.0	0.5297256043411709	0.4619080303563643	0.0	0.0	0.008366365302464762
V3	1:Ins:T:0	0.0	0.011160112343291504	0.0016083371463556672	0.0	0.9205555955869694	0.06667595492338341
V3	1:Ins:T:1	0.0	0.06346146363638752	0.02246901395514251	0.0	0.3043851197338972	0.6096844026745727
V3	1:Ins:T:2	0.0	0.28682314355051	6.840576451344665e-07	0.0	0.061168422513276144	0.6520077498785687
V3	1:Ins:T:3	0.0	0.08513431741409414	0.09101889338267224	0.0	0.4708403372491438	0.35300645195408986
V3	1:Ins:T:4	0.0	0.4329715272693222	0.47576392189992295	0.0	0.0	0.0912645508307548
V3	1:Ins:T:5	0.0	0.013156952067982628	0.9453804892259926	0.0	0.04122567238266877	0.00023688632335602775
V3	2:Del:R:0	0.0	0.08479355393857989	0.0013334942872327946	0.0	0.006543132554843268	0.9073298192193441
V3	2:Del:R:1	0.0	0.8654591194816676	0.03891149270627193	0.0	0.024497010833265265	0.07113237697879508
V3	2:Del:R:2	0.0	0.6465457359322537	0.06561622599375803	0.0	0.1901456738493958	0.09769236422459239
V3	2:Del:R:3	0.0	0.018319890723162105	2.341604893427166e-08	0.0	0.9756059847824137	0.0060741010783752864
V3	2:Del:R:4	0.0	0.07929587799228512	0.020241834922694265	0.0	0.9004622870850206	0.0
V3	2:Del:R:5	0.0	0.9031830726684416	0.09642695195443064	0.0	5.796607988836523e-05	0.00033200929723930064
V3	3:Del:R:0	0.0	0.18864763770166912	0.0980584815490133	0.0	0.0	0.7132938807493175
V3	3:Del:R:1	0.0	0.542788239744343	0.20764175679236546	0.0	0.04214881246068372	0.2074211910026077
V3	3:Del:R:2	0.0	0.12572519648241043	0.009498958122499322	0.0	0.1822700842363944	0.6825057611586959
V3	3:Del:R:3	0.0	0.22698918349264274	0.11119393913574677	0.0	2.442363988890024e-06	0.6618144350076216
V3	3:Del:R:4	0.0	1.399152141402557e-07	0.0001483106129358876	0.0	0.999850061805538	1.4876663120162268e-06
V3	3:Del:R:5	0.0	0.12680421063195513	0.06970323367546344	0.0	0.18514818196137708	0.6183443737312044
V3	4:Del:R:0	0.0	0.2944257193836603	8.661467100252823e-07	0.0	0.18125008707458173	0.524323327395048
V3	4:Del:R:1	0.0	0.08392223903977289	0.02634549175721681	0.0	0.0021673932620374574	0.8875648759409728
V3	4:Del:R:2	0.0	0.3814585893482063	0.1193592319095565	0.0	0.11767369328419178	0.38150848545804533
V3	4:Del:R:3	0.0	0.12680421063195513	0.06970323367546344	0.0	0.18514818196137708	0.6183443737312044
V3	4:Del:R:4	0.0	0.12680421063195513	0.06970323367546344	0.0	0.18514818196137708	0.6183443737312044
V3	4:Del:R:5	0.0	0.12680421063195513	0.06970323367546344	0.0	0.18514818196137708	0.6183443737312044
V3	5:Del:R:0	0.0	0.6215148179463045	0.0	0.0	0.3351064017600142	0.04337878029368138
V3	5:Del:R:1	0.0	0.0031688866062603315	0.004533819328694381	0.0	0.9297819366982002	0.062515357366845
V3	5:Del:R:2	0.0	0.9984821500794925	0.00020955457613892976	0.0	0.00020511478141048246	0.0011031805629581283
V3	5:Del:R:3	0.0	0.12680421063195513	0.06970323367546344	0.0	0.18514818196137708	0.6183443737312044
V3	5:Del:R:4	0.0	0.12680421063195513	0.06970323367546344	0.0	0.18514818196137708	0.6183443737312044
V3	5:Del:R:5	0.0	0.12266241208031434	1.292502611410517e-05	0.0	0.8770704157156046	0.0002542471779668379
V3	2:Ins:R:0	0.0	0.426379987828762	9.32789564586639e-06	0.0	0.056693678947499035	0.516917005328093
V3	2:Ins:R:1	0.0	0.1612996039967331	0.018474162812533817	0.0	0.01363301039666478	0.8065932227940683
V3	2:Ins:R:2	0.0	0.2922397514966631	0.004413817189413102	0.0	0.22727698068236224	0.47606945063156164
V3	2:Ins:R:3	0.0	0.6430288339433747	0.2743998377274318	0.0	0.0	0.08257132832919349
V3	2:Ins:R:4	0.0	0.39302316351207767	0.3070992165638307	0.0	0.0	0.2998776199240917
V3	2:Ins:R:5	0.0	0.6722520646106088	0.2964085501037363	0.0	0.03133886102263015	5.242630247359468e-07
V3	3:Ins:R:0	0.0	0.9996802987739054	0.0001240785409950393	0.0	8.353298781955218e-05	0.0001120896972799841
V3	3:Ins:R:1	0.0	0.004987783468258935	0.0037123264554780057	0.0	0.9912994521161954	4.3796006755461114e-07
V3	3:Ins:R:2	0.0	0.14293523844986813	0.027837913462702386	0.0	0.11520793702832223	0.7140189110591072
V3	3:Ins:R:3	0.0	0.3465885551634863	0.5339592130133277	0.0	0.006702989827064802	0.1127492419961212
V3	3:Ins:R:4	0.0	0.02047224861032193	3.427908417305207e-05	0.0	0.4721237876934252	0.5073696846120799
V3	3:Ins:R:5	0.0	0.3913191018753052	0.3286474225485059	0.0	0.007986994209894979	0.27204648136629406
V3	4:Ins:R:0	0.0	0.0649532286819387	2.6842211300517544e-05	0.0	0.001788760065787769	0.933231169040973
V3	4:Ins:R:1	0.0	0.5169884797529414	0.02164566979262201	0.0	0.12692688692222126	0.3344389635322153
V3	4:Ins:R:2	0.0	0.657476232623968	0.3394757428261458	0.0	0.0007464112316558054	0.002301613318230285
V3	4:Ins:R:3	0.0	0.15571453011423106	0.0	0.0	0.8442854698857689	0.0
V3	4:Ins:R:4	0.0	0.10022091947587773	0.6297131087327098	0.0	0.2692856224108733	0.0007803493805391
V3	4:Ins:R:5	0.0	0.5636851502350917	0.36706760737734756	0.0	0.06923897324971512	8.269137845769721e-06
V3	5:Ins:R:0	0.0	0.9954634510546284	0.0004049548762937634	0.0	0.0011778771036263813	0.0029537169654515697
V3	5:Ins:R:1	0.0	0.21377813319464262	0.03550027178592078	0.0	0.009816103148059582	0.740905491871377
V3	5:Ins:R:2	0.0	0.09098381852067525	0.0684202054181993	0.0	0.3911911678455564	0.44940480821556905
V3	5:Ins:R:3	0.0	0.0007483259896039007	0.9932158991996516	0.0	0.0012967971934751171	0.0047389776172694666
V3	5:Ins:R:4	0.0	8.305574482635357e-05	0.15495886363215997	0.0	0.00010654033522420796	0.8448515402877895
V3	5:Ins:R:5	0.0	0.001272075933765578	5.777603885506804e-06	0.0	0.9973891547559041	0.0013329917064447325
V3	2:Del:M:1	0.0	0.0610730065532741	0.0671379080069973	0.0	0.0	0.8717890854397286
V3	3:Del:M:1	0.0	0.09544223702968463	0.0024250160987693155	0.0	0.061645877142669954	0.8404868697288762
V3	3:Del:M:2	0.0	0.3213475876973943	0.06708734139147846	0.0	0.09576089900845666	0.5158041719026707
V3	4:Del:M:1	0.0	0.25541691410124867	1.1550943778219083e-06	0.0	0.04670751631431934	0.6978744144900542
V3	4:Del:M:2	0.0	0.33892759670345457	0.03337800468781345	0.0	2.514030264216299e-06	0.6276918845784677
V3	4:Del:M:3	0.0	0.0761960353684853	0.01709231938787017	0.0	3.352108311056348e-06	0.9067082931353335
V3	5:Del:M:1	0.0	0.7511899286198602	0.042568112208400885	0.0	0.19750883353379717	0.008733125637941796
V3	5:Del:M:2	0.0	0.7498855842534621	0.00818521948527828	0.0	0.07536211843999303	0.16656707782126665
V3	5:Del:M:3	0.0	0.292988653605775	0.07032996529100972	0.0	0.097635679803739	0.5390457012994763
V3	5:Del:M:4	0.0	0.6922033206036304	5.080775003710436e-06	0.0	0.277546899479356	0.03024469914200975
V3	5:Del:M:5	0.0	0.9495778881536229	0.01152341686407901	0.0	0.012268739423436544	0.02662995555886156
V4	1:Del:C:0	0.001530120659510254	0.0003686537671408978	5.9564060728467666e-05	0.02714023600214813	0.004425144897125142	0.966476280613347
V4	1:Del:C:1	0.006885308118113171	3.311536903969823e-05	0.00010071429679118704	0.05665436702259198	8.737280067423497e-09	0.9363264864561839
V4	1:Del:C:2	0.1339399818543474	0.031450443976708306	0.002887922705462119	0.6518390870699903	0.0	0.17988256439349185
V4	1:Del:C:3	0.005692353990460478	0.0005436118148322175	0.0010555723919809061	0.14204721004289503	0.006177956395784555	0.8444832953640469
V4	1:Del:C:4	0.05178577140632148	0.013292866524835087	0.0005277611058995608	0.009148228941633566	0.0	0.9252453720213103
V4	1:Del:C:5	0.5574222869332882	0.07645983595927638	0.0036130490292567395	0.1803909401977601	1.2393876942231405e-36	0.1821138878804186
V4	1:Del:T:0	0.017436881552874338	0.0037813618797403214	0.0004733060901015735	0.08843894728052053	0.002263065426314617	0.8876064377704487
V4	1:Del:T:1	0.036017575583257605	0.0011719277501253933	0.00025048416741272836	0.059751310646923184	0.003635342656935241	0.8991733591953458
V4	1:Del:T:2	0.7388499087765156	1.9377346653695865e-05	4.094016419688252e-05	0.08619539390966886	0.0	0.17489437980296496
V4	1:Del:T:3	0.0439962478665099	0.00336791563167988	0.00027837187518533254	0.02392709418818566	0.0002598721581474558	0.9281704982802916
V4	1:Del:T:4	0.03173063871369247	0.008412188918734584	0.00028481083994944304	0.00565801741976682	7.48923084043872e-45	0.9539143441078568
V4	1:Del:T:5	0.02252957678399359	0.9043233583718786	0.0015713662682834808	0.04961043297952193	1.0125173158653999e-06	0.021964253079006405
V4	1:Ins:C:0	0.00012104495113372083	0.0006520445761270275	2.231561713899959e-07	0.8511237003008215	0.01304502135423227	0.13505796566151398
V4	1:Ins:C:1	0.2958675569132946	0.002582204904048192	0.006508301223895121	0.6393381405666669	0.05525304548805368	0.00045075090404140855
V4	1:Ins:C:2	2.384640620994209e-05	0.03644517546208887	0.009752865155645033	0.9531651906352548	4.9941373728673065e-06	0.0006079282034283806
V4	1:Ins:C:3	0.5120447222362381	0.05876303973627769	0.032825755797058265	0.2676891150072269	0.0387898480261621	0.08988751919703694
V4	1:Ins:C:4	0.16683880871485965	0.0017735126468550243	0.001726510403287567	0.02338382973905696	0.672697694106389	0.13357964438955167
V4	1:Ins:C:5	0.7575155608054868	0.07010042090479407	0.08004580419542723	0.0708548468925977	0.0	0.021483367201694106
V4	1:Ins:T:0	0.027216777096203484	0.0020038572230858215	0.000378171415904174	0.04364343817663019	0.6944502085550811	0.23230754753309532
V4	1:Ins:T:1	0.7877393800685737	0.0009281218493590605	0.0004303207870724198	0.019179356255693412	0.0187029973645151	0.17301982367478622
V4	1:Ins:T:2	0.29935180118693083	0.010901365976664159	3.40465278952004e-08	0.19912287221058683	0.009767578081240017	0.4808563484980503
V4	1:Ins:T:3	0.24259631780625182	0.0061776834799022	0.008649000949561756	0.10198282830948847	0.14354482472967245	0.4970493447251232
V4	1:Ins:T:4	0.18254940957983978	0.08998692593126087	0.1294866463903981	0.22991748832856715	0.0	0.3680595297699341
V4	1:Ins:T:5	5.6163795185327e-30	0.008751265940023059	0.8234469463707483	0.04953809596965862	0.11520629747008368	0.0030573942494862604
V4	2:Del:R:0	0.11762470157361533	0.0035821395433442383	7.377075366003905e-05	0.13378452906921934	0.0011613370002690696	0.7437735220598919
V4	2:Del:R:1	0.03265606446205005	0.02608630818421911	0.001535880238886969	0.8950160901664328	0.0031022160399650687	0.04160344090844606
V4	2:Del:R:2	0.5572004730341648	0.039096075324005525	0.005195873364467245	0.2355723086173981	0.04830735315548363	0.11462791650448076
V4	2:Del:R:3	0.04126438800230196	0.0040498482763700865	6.7786450006830825e-09	0.0225158198847505	0.9061147763188987	0.026055160739033734
V4	2:Del:R:4	0.9960977798460209	7.955862972873728e-05	2.6594997889719342e-05	3.384398840686897e-07	0.003795728086476599	0.0
V4	2:Del:R:5	0.0001987032712000919	0.07145396895994237	0.009989929089990027	0.9178284526028172	1.9267145677754704e-05	0.0005096789303724647
V4	3:Del:R:0	0.033963284198225335	0.0025522169844201916	0.0017372598638277902	0.7744934606921904	0.0	0.18725377826133624
V4	3:Del:R:1	0.047189657413852594	0.05378999557154691	0.026946301997357033	0.4556655497154292	0.01754887596920661	0.39885961933260766
V4	3:Del:R:2	0.0	0.008244833829629757	0.0008157347363288901	0.07223655118340054	0.05021897692821917	0.8684839033224216
V4	3:Del:R:3	0.0	0.013698394916968682	0.008787372459673619	0.20252267757051456	6.192525310899871e-07	0.7749909358003121
V4	3:Del:R:4	3.296729134517319e-06	3.3305223925828645e-08	4.6230974213261125e-05	7.234180181019115e-07	0.9999428441167315	6.871456678784177e-06
V4	3:Del:R:5	0.25114927404225706	0.0059575966650641235	0.004288483548035068	0.1383374733641342	0.036546833723063214	0.5637203386574463
V4	4:Del:R:0	0.027117287004032924	0.0064857812864254	2.4985693814364165e-08	0.7255015846131897	0.016774811971961418	0.2241205101386967
V4	4:Del:R:1	0.03301132164157816	0.004169605319549591	0.001714105681091934	0.10496765470896297	0.00045242697121080895	0.8556848856776066
V4	4:Del:R:2	0.11285105955278084	0.02393682230786603	0.009808181909185285	0.3578446187681955	0.03102354086266944	0.4645357765993028
V4	4:Del:R:3	0.25114927404225706	0.0059575966650641235	0.004288483548035068	0.1383374733641342	0.036546833723063214	0.5637203386574463
V4	4:Del:R:4	0.25114927404225706	0.0059575966650641235	0.004288483548035068	0.1383374733641342	0.036546833723063214	0.5637203386574463
V4	4:Del:R:5	0.25114927404225706	0.0059575966650641235	0.004288483548035068	0.1383374733641342	0.036546833723063214	0.5637203386574463
V4	5:Del:R:0	4.8189960570873205e-08	0.003597659133150696	0.0	0.9833801590823973	0.008149747109967874	0.00487238648452364
V4	5:Del:R:1	0.013988425922144013	0.0006003743111037253	0.0011248458519843582	0.014362702074473727	0.7400982710618242	0.2298253807784699
V4	5:Del:R:2	0.30237921863792616	0.011995845307428825	3.2968645106652694e-06	0.6853541083224244	1.0353337999236012e-05	0.0002571775297107452
V4	5:Del:R:3	0.25114927404225706	0.0059575966650641235	0.004288483548035068	0.1383374733641342	0.036546833723063214	0.5637203386574463
V4	5:Del:R:4	0.25114927404225706	0.0059575966650641235	0.004288483548035068	0.1383374733641342	0.036546833723063214	0.5637203386574463
V4	5:Del:R:5	0.001355456136392662	0.010899711139568913	1.5040016625271747e-06	0.659865621662231	0.32743932225069955	0.00043838480944551316
V4	2:Ins:R:0	0.32320099775702715	0.0037127540626588134	1.0636443734581066e-07	0.5836714782143706	0.002074086628727814	0.08734057697277822
V4	2:Ins:R:1	0.12514712115023513	0.006588666359116678	0.0009881943823624691	0.22562173669840224	0.0023396390604956386	0.6393146423493878
V4	2:Ins:R:2	0.0	0.02543508805838848	0.0005030622123434195	0.0869463846686907	0.08310789634565305	0.8040075687149243
V4	2:Ins:R:3	2.4292662240618114e-05	0.09840900185650259	0.05499226766917395	0.6013693267852231	0.0	0.24520511102685977
V4	2:Ins:R:4	0.17748448175722037	0.048875798029637305	0.050011262951540486	0.0	0.0	0.7236284572616017
V4	2:Ins:R:5	0.17559692432279655	0.24443279282428096	0.1411339353025136	0.39095824069778123	0.04787440795406225	3.698898565326353e-06
V4	3:Ins:R:0	1.0166386662342478e-05	0.03613352106350235	5.872989544851403e-06	0.9637591383219148	1.2685279734202571e-05	7.861595864134013e-05
V4	3:Ins:R:1	0.0	0.0009184891970486444	0.0008952122586998884	0.23123975224001406	0.7669449813672938	1.5649369434952577e-06
V4	3:Ins:R:2	0.4597083202341729	4.5885385006774244e-06	1.1702675131239908e-06	0.539825607124546	1.5538545080340367e-05	0.00044477529018685155
V4	3:Ins:R:3	0.9679769761867865	3.3951362140314136e-05	6.84958830214727e-05	0.03170350291007339	2.7586997037287057e-06	0.00021431495827458323
V4	3:Ins:R:4	0.00013720611097450542	0.0009385131476077723	2.057867572481032e-06	0.456657758217002	0.09093343134421103	0.45133103331263225
V4	3:Ins:R:5	0.1293016955340836	0.05554543686826956	0.06108871199685613	0.0	0.004763142679159848	0.7493010129216309
V4	4:Ins:R:0	7.839528335414253e-05	0.0026164346502088555	1.4159269178333595e-06	0.2675531703496635	0.0003027290663140751	0.7294478547235417
V4	4:Ins:R:1	1.139055513338868e-05	0.06319658061327121	0.003464951363028192	0.07486226756593942	0.06518673450353445	0.7932780753990935
V4	4:Ins:R:2	0.01857007030799338	0.5514187091655404	0.3728409326651641	0.017083473003410374	0.0026301013713213887	0.03745671348657039
V4	4:Ins:R:3	0.955209432557421	0.0001513760825203011	0.0	0.041190849453462686	0.0034483419065961733	0.0
V4	4:Ins:R:4	0.0007204603547318616	0.04834923444732713	0.3978206771396571	0.0	0.5458046960704876	0.007304931987796286
V4	4:Ins:R:5	0.28322636104087684	0.04496705283519638	0.03834575479591022	0.6102419754030516	0.023206055808236595	1.2800116728373828e-05
V4	5:Ins:R:0	0.0007944141245157748	0.03162803884715218	1.684872245245246e-05	0.9655824594043827	0.00015723159011231074	0.0018210073113844938
V4	5:Ins:R:1	0.0	0.004509038479037472	0.0009805409558299675	0.690405542857206	0.000869866602765312	0.30323501110516127
V4	5:Ins:R:2	0.0016210115918391006	2.8795038366499662e-05	2.8356411786596054e-05	0.9950418185836568	0.0005201581710328366	0.002759860203318137
V4	5:Ins:R:3	0.024052175023560666	0.0005158292669900755	0.8965452477247171	0.011744801350330035	0.0037556066139442334	0.06338634002045793
V4	5:Ins:R:4	0.0001582528433332065	5.003128988674294e-06	0.012223676410143876	6.066827659862828e-05	2.6963667565006802e-05	0.9875254356733706
V4	5:Ins:R:5	0.9154467100584488	2.5470672696091727e-05	1.51491595999915e-07	0.00010532985531501552	0.08390443221830503	0.0005179057036392181
V4	2:Del:M:1	0.065356539498458	0.002668346992983725	0.0038412644605451992	0.18903878881994238	0.0	0.7390950602280707
V4	3:Del:M:1	0.05421758021228494	0.0029964047948213175	9.969833339355677e-05	0.4225353723277682	0.008131240234200497	0.5120197040975314
V4	3:Del:M:2	0.0	0.01464679105317736	0.004004252197925075	0.5068185813564204	0.01833785520176651	0.45619252019071055
V4	4:Del:M:1	0.08629988574134105	0.006685069581178751	3.9590150029400845e-08	0.5474497345257047	0.005136129143407474	0.354429141418218
V4	4:Del:M:2	0.11510718431835176	0.023094707374744738	0.00297837448092971	0.028876688901595726	7.197288569985629e-07	0.8299423251955211
V4	4:Del:M:3	0.03571121734184445	0.0038115522592312677	0.00111965417150657	0.07925496944823472	7.044990783719336e-07	0.8801019022801047
V4	5:Del:M:1	0.0	0.003717896149075104	0.0002758959261477234	0.9910604746838292	0.004107020821733127	0.0008387124192147698
V4	5:Del:M:2	0.021824555203612653	0.0033876288032296475	4.842220260072987e-05	0.9587079199468005	0.001430364729399016	0.014601109114357592
V4	5:Del:M:3	0.019796648256693784	0.0028915639027886895	0.0009089412112153094	0.869125035990328	0.004048400124352139	0.10322941051462202
V4	5:Del:M:4	0.02447038619694812	0.008553320990006993	8.221374931863679e-08	0.9453155194130357	0.01440888432784904	0.007251806858410813
V4	5:Del:M:5	0.001990479529454617	0.018390421169179143	0.0002922508307192939	0.96832102362246	0.0009982835330787782	0.010007541315108176
V5	1:Del:C:0	0.012654717019373584	0.0	0.021664035051655327	0.0	0.9656812479289711	0.0
V5	1:Del:C:1	0.608528820282397	0.0	0.39145080396907966	0.0	2.0375748523492013e-05	0.0
V5	1:Del:C:2	0.513292211036253	0.0	0.486707788963747	0.0	0.0	0.0
V5	1:Del:C:3	0.026460391542689157	0.0	0.21578471695993556	0.0	0.7577548914973752	0.0
V5	1:Del:C:4	0.6905205423875402	0.0	0.30947945761245976	0.0	0.0	0.0
V5	1:Del:C:5	0.7781811196570457	0.0	0.22181888034295422	0.0	4.565444671532198e-35	0.0
V5	1:Del:T:0	0.17798973214400565	0.0	0.21246946168169784	0.0	0.6095408061742964	0.0
V5	1:Del:T:1	0.25194751843228286	0.0	0.07705559565511318	0.0	0.670996885912604	0.0
V5	1:Del:T:2	0.9975691137157765	0.0	0.002430886284223493	0.0	0.0	0.0
V5	1:Del:T:3	0.6972976202457232	0.0	0.19402432926191765	0.0	0.10867805049235912	0.0
V5	1:Del:T:4	0.7169819119780618	0.0	0.2830180880219382	0.0	4.4652537668695803e-42	0.0
V5	1:Del:T:5	0.24579320991999382	0.0	0.7539153167316364	0.0	0.00029147334836993614	0.0
V5	1:Ins:C:0	0.0003515258501582777	0.0	2.8500191781476823e-05	0.0	0.9996199739580602	0.0
V5	1:Ins:C:1	0.14503227401600569	0.0	0.14030180197387876	0.0	0.7146659240101156	0.0
V5	1:Ins:C:2	5.557825082892145e-05	0.0	0.99963729194397	0.0	0.00030712980520106853	0.0
V5	1:Ins:C:3	0.1718758261681037	0.0	0.484562645561086	0.0	0.3435615282708102	0.0
V5	1:Ins:C:4	0.009272525534075886	0.0	0.004219863958174503	0.0	0.9865076105077497	0.0
V5	1:Ins:C:5	0.17708429411141222	0.0	0.8229157058885876	0.0	0.0	0.0
V5	1:Ins:T:0	0.001481760639339975	0.0	0.000905437234751635	0.0	0.9976128021259084	0.0
V5	1:Ins:T:1	0.6058751628094153	0.0	0.01455530167083173	0.0	0.3795695355197528	0.0
V5	1:Ins:T:2	0.5373547117189961	0.0	2.687697003849894e-06	0.0	0.46264260058400003	0.0
V5	1:Ins:T:3	0.055003247279402014	0.0	0.08623793786080812	0.0	0.8587588148597899	0.0
V5	1:Ins:T:4	0.031061565469874736	0.0	0.9689384345301253	0.0	0.0	0.0
V5	1:Ins:T:5	1.4308216918187295e-31	0.0	0.9225565251499258	0.0	0.07744347485007422	0.0
V5	2:Del:R:0	0.7763371362510928	0.0	0.02141235030725206	0.0	0.20225051344165518	0.0
V5	2:Del:R:1	0.17937364589747282	0.0	0.37100557564984404	0.0	0.4496207784526831	0.0
V5	2:Del:R:2	0.27043890425958644	0.0	0.11090331858037457	0.0	0.618657777160039	0.0
V5	2:Del:R:3	0.0017229145929949304	0.0	1.2446851963958245e-08	0.0	0.9982770729601531	0.0
V5	2:Del:R:4	0.907670010617828	0.0	0.0010657473650009402	0.0	0.09126424201717097	0.0
V5	2:Del:R:5	0.0004515604440659824	0.0	0.9983931049050516	0.0	0.0011553346508823318	0.0
V5	3:Del:R:0	0.30774092649270157	0.0	0.6922590735072984	0.0	0.0	0.0
V5	3:Del:R:1	0.02783614481876577	0.0	0.6990202039309147	0.0	0.2731436512503196	0.0
V5	3:Del:R:2	0.0	0.0	0.026358986321940513	0.0	0.9736410136780594	0.0
V5	3:Del:R:3	0.0	0.0	0.9999577193511576	0.0	4.2280648842385e-05	0.0
V5	3:Del:R:4	1.2493813768764133e-07	0.0	7.705008109366938e-05	0.0	0.9999228249807687	0.0
V5	3:Del:R:5	0.178870658621194	0.0	0.13431954752803035	0.0	0.6868097938507756	0.0
