Sample Names	MutationType	ID83A	ID83B	ID83C	ID83D	ID83E	ID83F
V1	1:Del:C:0	0.0	0.006339370411311129	0.9518217537699892	0.01211191433777539	0.029726961480924245	0.0
V1	1:Del:C:1	0.0	0.0	0.6675247154760571	0.00022045303905653956	0.33225483148488644	0.0
V1	1:Del:C:2	0.0	0.056135987397648496	0.9438640126023515	0.0	1.800365569676719e-35	0.0
V1	1:Del:C:3	0.0	0.03901189388851675	0.29238356297807533	0.32366215112735813	0.34494239200604976	0.0
V1	1:Del:C:4	0.0	0.007463446400357844	0.6020342820921585	0.18067233102502384	0.20982994048245998	0.0
V1	1:Del:C:5	0.0	0.0013002571267644754	0.014429695489752129	0.8284975964050451	0.15577245097843834	0.0
V1	1:Del:T:0	0.0	0.0	0.8316103535919223	0.08827221332683932	0.08011743308123834	0.0
V1	1:Del:T:1	0.0	3.966996591108906e-07	0.967177892743313	0.03281614048574788	5.570071279946798e-06	0.0
V1	1:Del:T:2	0.0	0.00037132562688699656	0.6359218167311304	0.15120243628085672	0.2125044213611259	0.0
V1	1:Del:T:3	0.0	0.0002101870818325049	0.7649459073437306	0.21650930528740323	0.01833460028703371	0.0
V1	1:Del:T:4	0.0	0.001473939388217658	0.4682588061706888	0.47280172838543105	0.05746552605566247	0.0
V1	1:Del:T:5	0.0	5.826420833421659e-07	1.2135616179730925e-07	0.999998595084401	7.009173538300008e-07	0.0
V1	1:Ins:C:0	0.0	0.08185760834174581	0.12877646340340332	0.07131431901416443	0.7180516092406863	0.0
V1	1:Ins:C:1	0.0	0.15698282138299044	0.4586175115084685	0.14041198976670669	0.24398767734183432	0.0
V1	1:Ins:C:2	0.0	1.6654249838683467e-06	0.15546316086478346	0.03234933271225729	0.8121858409979755	0.0
V1	1:Ins:C:3	0.0	0.1179088884159995	0.09372440004803839	0.0	0.788366711535962	0.0
V1	1:Ins:C:4	0.0	0.3342814358680665	0.09672685547180004	0.44889789168915206	0.12009381697098134	0.0
V1	1:Ins:C:5	0.0	0.005163485386151383	0.002487094620863175	0.061661724431882774	0.9306876955611026	0.0
V1	1:Ins:T:0	0.0	0.008559765672140687	0.396993110294636	0.20356582020717098	0.39088130382605224	0.0
V1	1:Ins:T:1	0.0	0.021064966881640244	0.9450271017073498	0.013020315827287049	0.020887615583722957	0.0
V1	1:Ins:T:2	0.0	0.003081863524098515	0.6807907436851237	0.2776382894714112	0.0384891033193665	0.0
V1	1:Ins:T:3	0.0	0.0011782683611904945	0.005301084045309766	0.005950649220533451	0.9875699983729663	0.0
V1	1:Ins:T:4	0.0	0.0006837840351341139	0.005378268996343699	0.10196922745268362	0.8919687195158387	0.0
V1	1:Ins:T:5	0.0	1.777587031138084e-07	7.304154339473607e-07	4.706711122478591e-08	0.9999990447587517	0.0
V1	2:Del:R:0	0.0	2.0005139880718086e-06	0.8127147615158672	0.008147495032987099	0.17913574293715764	0.0
V1	2:Del:R:1	0.0	0.0011875185428615528	0.07840392391709165	0.3668682434036537	0.553540314136393	0.0
V1	2:Del:R:2	0.0	0.13649339335989857	0.09607721290992764	0.5467507400858158	0.22067865364435799	0.0
V1	2:Del:R:3	0.0	0.9999881693438	1.0693117916452483e-06	4.4895679747446845e-06	6.271776433781732e-06	0.0
V1	2:Del:R:4	0.0	0.21717000291805727	1.1329601072066919e-05	0.7824774638387276	0.000341203642143085	0.0
V1	2:Del:R:5	0.0	0.00015371738143587374	0.998957617797752	0.00025377911290090904	0.0006348857079111692	0.0
V1	3:Del:R:0	0.0	9.624451070255477e-07	0.0938652054133613	0.05947896419658554	0.8466548679449462	0.0
V1	3:Del:R:1	0.0	0.0	0.16922314242991765	0.2509581237422621	0.5798187338278202	0.0
V1	3:Del:R:2	0.0	6.825175972514617e-07	0.05303798803269939	0.6443049125598503	0.30265641688985306	0.0
V1	3:Del:R:3	0.0	0.0572195212702231	0.20140896457499802	0.741368763136069	2.7510187098650836e-06	0.0
V1	3:Del:R:4	0.0	0.07079799724848475	0.1428808652566237	0.18009331615264743	0.6062278213422441	0.0
V1	3:Del:R:5	0.0	0.07079799724848475	0.1428808652566237	0.18009331615264743	0.6062278213422441	0.0
V1	4:Del:R:0	0.0	0.37333640614751323	0.16958886276560348	1.764062553044015e-05	0.45705709046135296	0.0
V1	4:Del:R:1	0.0	0.034588847321563254	0.4548728255649006	0.5105360947271929	2.232386343279386e-06	0.0
V1	4:Del:R:2	0.0	1.1746035994630642e-05	0.01343912209160489	0.6205546876755297	0.3659944441968708	0.0
V1	4:Del:R:3	0.0	0.07079799724848475	0.1428808652566237	0.18009331615264743	0.6062278213422441	0.0
V1	4:Del:R:4	0.0	0.07079799724848475	0.1428808652566237	0.18009331615264743	0.6062278213422441	0.0
V1	4:Del:R:5	0.0	0.07079799724848475	0.1428808652566237	0.18009331615264743	0.6062278213422441	0.0
V1	5:Del:R:0	0.0	0.06869552616745746	0.17102222048878093	0.7290430149548054	0.031239238388956217	0.0
V1	5:Del:R:1	0.0	0.019067130266561632	0.03621023415437392	0.5632206667460473	0.3815019688330172	0.0
V1	5:Del:R:2	0.0	1.626567622056032e-05	0.9293993729762147	0.07037448011930564	0.00020988122825921823	0.0
V1	5:Del:R:3	0.0	0.08419826450873434	0.5639146634995342	0.00034556707016323543	0.35154150492156827	0.0
V1	5:Del:R:4	0.0	0.06552207095361655	0.1482827006787019	0.639117853474948	0.14707737489273362	0.0
V1	5:Del:R:5	0.0	0.07079799724848475	0.1428808652566237	0.18009331615264743	0.6062278213422441	0.0
V1	2:Ins:R:0	0.0	0.6708469969486235	0.07541321149735518	0.2055930318260545	0.04814675972796685	0.0
V1	2:Ins:R:1	0.0	0.05538975967414207	0.864564499824837	0.08004574050102095	0.0	0.0
V1	2:Ins:R:2	0.0	0.02420056128789562	0.2011066955026791	0.31980292251900416	0.4548898206904211	0.0
V1	2:Ins:R:3	0.0	7.545065730667938e-06	0.41748030118259816	0.41817709206020826	0.1643350616914628	0.0
V1	2:Ins:R:4	0.0	0.004128704308395331	0.0544624648660401	0.24326965529256286	0.6981391755330016	0.0
V1	2:Ins:R:5	0.0	0.0012796781577880546	0.013951385320627358	0.20644651503563055	0.7783224214859541	0.0
V1	3:Ins:R:0	0.0	2.269667000086498e-05	4.8526783988376405e-05	0.00010280895941891901	0.9998259675865918	0.0
V1	3:Ins:R:1	0.0	0.009484506533199955	0.010533494344137653	0.8709528238309392	0.10902917529172322	0.0
V1	3:Ins:R:2	0.0	0.9796027758039393	0.0041377508877098726	0.0148261543844739	0.0014333189238768817	0.0
V1	3:Ins:R:3	0.0	0.07079799724848475	0.1428808652566237	0.18009331615264743	0.6062278213422441	0.0
V1	3:Ins:R:4	0.0	4.7878395036898936e-05	0.0002524703080501057	0.49367618948063763	0.5060234618162754	0.0
V1	3:Ins:R:5	0.0	0.035471856186070384	4.204150719101375e-07	0.3882706277585628	0.5762570956402948	0.0
V1	4:Ins:R:0	0.0	0.008230214509198192	0.4733819647159168	3.4612610686220214e-07	0.5183874746487781	0.0
V1	4:Ins:R:1	0.0	0.0	0.029332114862921973	0.3149330501148004	0.6557348350222777	0.0
V1	4:Ins:R:2	0.0	0.00020184769879824264	0.00042493559120908563	0.000619354452916089	0.9987538622570765	0.0
V1	4:Ins:R:3	0.0	0.07059467763294815	0.14127818848816814	0.1508671501158597	0.637259983763024	0.0
V1	4:Ins:R:4	0.0	0.00011190511152146808	0.0006750539128442613	0.9981125107388144	0.0011005302368198913	0.0
V1	4:Ins:R:5	0.0	0.0	0.0	0.16676157184992674	0.8332384281500733	0.0
V1	5:Ins:R:0	0.0	2.975465278730327e-05	0.15643196385029137	5.945933498171283e-05	0.8434788221619396	0.0
V1	5:Ins:R:1	0.0	4.482155180204767e-07	0.10362974629359417	0.013262726385702483	0.8831070791051854	0.0
V1	5:Ins:R:2	0.0	0.11374435045173631	0.00018607548443556917	0.0006304843635127888	0.8854390897003154	0.0
V1	5:Ins:R:3	0.0	8.99073396127659e-05	0.00019071841479416975	0.0002994069229438654	0.9994199673226491	0.0
V1	5:Ins:R:4	0.0	0.9989894617437076	3.0731761731020134e-09	0.0009905175842783865	2.001759883779648e-05	0.0
V1	5:Ins:R:5	0.0	0.0003961979590397254	0.0007624180453848668	0.0008376813643410456	0.9980037026312345	0.0
V1	2:Del:M:1	0.0	0.05064911705966819	0.44657676342570335	0.12999978504771578	0.3727743344669127	0.0
V1	3:Del:M:1	0.0	1.7007265718554786e-05	0.9342542413590139	0.06552724036979977	0.0002015110054677304	0.0
V1	3:Del:M:2	0.0	0.01489120335937326	0.031398424037114785	0.27561570286529335	0.6780946697382186	0.0
V1	4:Del:M:1	0.0	0.17126722943356837	0.8287288746468996	3.895919532100333e-06	0.0	0.0
V1	4:Del:M:2	0.0	0.014443344190955252	0.7735825295807542	0.21197412622829057	0.0	0.0
V1	4:Del:M:3	0.0	0.03046288477538538	0.5554676987156563	0.41403260362791233	3.6812881045962084e-05	0.0
V1	5:Del:M:1	0.0	0.0922021193262786	0.00010789044695165197	0.904684193458427	0.003005796768342823	0.0
V1	5:Del:M:2	0.0	0.2360201580109477	0.7386333841314631	0.025186071812905268	0.00016038604468390715	0.0
V1	5:Del:M:3	0.0	3.927637372312065e-05	0.5438717808637398	0.03309785065878821	0.4229910921037489	0.0
V1	5:Del:M:4	0.0	0.00656857941792904	0.1753148422329817	0.5213347629176989	0.29678181543139037	0.0
V1	5:Del:M:5	0.0	6.627000863000897e-07	0.0	0.9999957105053824	3.6267945313103104e-06	0.0
V2	1:Del:C:0	0.06251720995337279	0.06725051104015671	0.7919447826251774	0.008533352384420273	0.024347275585556615	0.04540686841131617
V2	1:Del:C:1	0.2857314588552966	0.0	0.33027790486310377	9.236254150166218e-05	0.1618244169934105	0.2220738567466876
V2	1:Del:C:2	0.5197256216428346	0.0763743974890261	0.10071767089085142	0.0	1.891113176801877e-36	0.3031823099772879
V2	1:Del:C:3	0.4087918912366554	0.14681231173916057	0.08629948663712712	0.08089371643100343	0.10022184749785704	0.1769807464581964
V2	1:Del:C:4	0.19968585209939563	0.06255213108022278	0.3957434445278753	0.10056613719785681	0.13577522780220772	0.10567720729244176
V2	1:Del:C:5	0.0	0.017339194804840585	0.015091995413754236	0.7337504236426634	0.16037649841368312	0.07344188772505858
V2	1:Del:T:0	0.13881275546868024	0.0	0.37333712980950384	0.033556211785444955	0.03540535052449265	0.4188885524118783
V2	1:Del:T:1	0.17914955786409514	2.734168430156876e-06	0.5228289334212569	0.015021329357190015	2.963975303790018e-06	0.2829944812137239
V2	1:Del:T:2	0.3496573639938409	0.0028944265577072847	0.3887775256435868	0.0782751357531978	0.12788687421799197	0.052508673833675384
V2	1:Del:T:3	0.14610977288020105	0.0021873086003182758	0.6243449173194422	0.14963667023797414	0.014730784527437943	0.0629905464346264
V2	1:Del:T:4	0.8370115386667799	0.0032447852842702085	0.08085038788360463	0.06912622230048936	0.009767065864855992	4.461772628130605e-46
V2	1:Del:T:5	1.0428228745880115e-05	8.772742555918184e-06	1.4331286641978418e-07	0.9999777893337569	8.147994709362236e-07	2.0515826039536203e-06
V2	1:Ins:C:0	0.4444077154659372	2.2796146339854666e-05	2.8127341998387835e-06	1.3189749675426338e-06	1.5438618486943955e-05	0.5555499180600687
V2	1:Ins:C:1	3.967236601247715e-05	0.345566533518624	0.07918081999721736	0.020527741454701622	0.04146654293236449	0.51321868973108
V2	1:Ins:C:2	0.49551388048944894	4.852325818427717e-06	0.03552566269331537	0.006259615179589073	0.18269669206498326	0.2799992972468449
V2	1:Ins:C:3	0.9666074739728706	0.02115377654079907	0.0013188149194547547	0.0	0.010919934566875567	0.0
V2	1:Ins:C:4	0.15063386974072088	0.6474525016018463	0.014693746358978669	0.05774317357164271	0.017958360824809158	0.11151834790200217
V2	1:Ins:C:5	0.07829589743403367	0.058136358161713114	0.0021962763953651872	0.046108178493980204	0.8090199542248695	0.006243335290038477
V2	1:Ins:T:0	0.11937746365565008	0.05445134310159628	0.1980703667632151	0.0860020907580551	0.1919738212912455	0.3501249144302381
V2	1:Ins:T:1	0.007738743884133207	0.12038930004780621	0.4236051071496183	0.004942037730413076	0.009216507176616576	0.4341083040114125
V2	1:Ins:T:2	0.7098113942503308	0.0074867495416444324	0.12971295689258647	0.04479367464017195	0.00721885113695382	0.10097637353831251
V2	1:Ins:T:3	0.35254518739476004	0.009732170192339252	0.0034341557180904187	0.003264278903357603	0.6297725942119073	0.0012516135795454615
V2	1:Ins:T:4	0.16501433302717994	0.007329445300522755	0.0045215203143772875	0.0725903197523895	0.7381628193614959	0.012381562244034843
V2	1:Ins:T:5	4.097498375377974e-06	2.3023825192965996e-06	7.420041987460893e-07	4.048755764021145e-08	0.9999921297873263	6.87840022515953e-07
V2	2:Del:R:0	0.01066470969328461	8.867461994150532e-06	0.28254375107156576	0.0023984975371920962	0.06130422172121629	0.643079952514747
V2	2:Del:R:1	0.40608985856464835	0.004273447902131411	0.022129195615443964	0.08768101396669371	0.15379338667715245	0.3260330972739301
V2	2:Del:R:2	1.6463024530739288e-05	0.6315420876778781	0.0348658998989737	0.1680109069600616	0.07883178925353604	0.08673285318501966
V2	2:Del:R:3	2.016662396977098e-06	0.999996438607437	8.386828503301776e-08	2.9817111673847964e-07	4.842220376644502e-07	6.784687264821541e-07
V2	2:Del:R:4	0.00010399069687188292	0.8066746895368838	3.3006769990741434e-06	0.1930313556992117	9.785040836675399e-05	8.881298166667884e-05
V2	2:Del:R:5	0.005078716525861711	0.0002789777946824581	0.14219474195843687	3.0588625560694295e-05	8.895955474408949e-05	0.852328015540714
V2	3:Del:R:0	0.10476912454665537	7.614131376558777e-07	0.0058242344276880536	0.003125109384464227	0.05171317438294292	0.8345675958451119
V2	3:Del:R:1	0.16468687811469887	0.0	0.13778318097525283	0.1730235921354247	0.4647177600540749	0.059788588720548555
V2	3:Del:R:2	0.4405146812543509	4.488310685927668e-06	0.027355579207232868	0.28139600682468674	0.15366300975671174	0.0970662346463318
V2	3:Del:R:3	0.00010031117683020224	0.3716771423116266	0.10261013179455838	0.3198256903799535	1.3796393352889259e-06	0.205785344697696
V2	3:Del:R:4	0.5924060816814573	0.1637632781560294	0.025921458720243627	0.027666267710678958	0.10826343564696164	0.08197947808462909
V2	3:Del:R:5	0.5924060816814573	0.1637632781560294	0.025921458720243627	0.027666267710678958	0.10826343564696164	0.08197947808462909
V2	4:Del:R:0	0.3289520138797534	0.22131176515596723	0.007884811272124011	6.945053085916097e-07	0.020918233231695976	0.4209324819551506
V2	4:Del:R:1	0.3694007478874332	0.18408289446873197	0.18987035083983742	0.1804518032168997	9.17269795202306e-07	0.07619328631730243
V2	4:Del:R:2	0.00041852460825457787	0.00010612269025917108	0.009523084508626874	0.37235261947093823	0.25529470493297485	0.3623049437889464
V2	4:Del:R:3	0.5924060816814573	0.1637632781560294	0.025921458720243627	0.027666267710678958	0.10826343564696164	0.08197947808462909
V2	4:Del:R:4	0.5924060816814573	0.1637632781560294	0.025921458720243627	0.027666267710678958	0.10826343564696164	0.08197947808462909
V2	4:Del:R:5	0.5924060816814573	0.1637632781560294	0.025921458720243627	0.027666267710678958	0.10826343564696164	0.08197947808462909
V2	5:Del:R:0	0.5345413120657737	0.003151612477001721	0.0006153847262285181	0.0022213394996501664	0.00011065095964246806	0.4593597002717034
V2	5:Del:R:1	0.060624608477799324	0.20177785410293345	0.030054486611310802	0.395844100574407	0.3116989502335494	0.0
V2	5:Del:R:2	0.0003677148697955241	0.00016008672333007375	0.7174231438718434	0.04599978704574133	0.00015948035003710782	0.23588978713925257
V2	5:Del:R:3	0.9999995508169227	2.417325181720145e-07	1.269799463391187e-07	6.589033510916924e-11	7.792179252063735e-08	2.482929803775775e-09
V2	5:Del:R:4	0.9269134813071541	0.011954210358102835	0.002121844633337681	0.007744112560767763	0.0020717127488899013	0.04919463839174767
V2	5:Del:R:5	0.5924060816814573	0.1637632781560294	0.025921458720243627	0.027666267710678958	0.10826343564696164	0.08197947808462909
V2	2:Ins:R:0	0.1132620329720587	0.856990370784367	0.007555961096196108	0.017442883586850196	0.004748647335774308	1.04224753694637e-07
V2	2:Ins:R:1	0.4375101020974503	0.10713053700183651	0.13115082145550933	0.010282043971077891	0.0	0.3139264954741261
V2	2:Ins:R:2	0.0	0.20958978259664088	0.136603244203063	0.1839435338730411	0.3041594243725169	0.1657040149547381
V2	2:Ins:R:3	0.37253313594496645	5.7296353411890507e-05	0.24865074123441833	0.2109024487525049	0.09634841570039616	0.07150796201430228
V2	2:Ins:R:4	0.1560036873207447	0.03524221483933625	0.03646166712638527	0.13790969016973922	0.4600889610950014	0.17429377944879315
V2	2:Ins:R:5	0.10225619815608053	0.014543858456133164	0.012436152265581016	0.1558274153375595	0.6829498504322042	0.03198652535244158
V2	3:Ins:R:0	0.0012630273302939627	0.00029313378798141086	4.915583326359895e-05	8.818447414311253e-05	0.9969618497583658	0.0013446488159521964
V2	3:Ins:R:1	0.30247565888302264	0.05305705990782712	0.004621582627471209	0.32357912859508414	0.04708922665976924	0.26917734332682564
V2	3:Ins:R:2	0.033696331152706406	0.9648390447473412	0.00031963845198249073	0.0009698192723144087	0.00010899286997511333	6.617350568045482e-05
V2	3:Ins:R:3	0.5924060816814573	0.1637632781560294	0.025921458720243627	0.027666267710678958	0.10826343564696164	0.08197947808462909
V2	3:Ins:R:4	0.0017412506537943563	0.0006642572443599325	0.0002747241516621258	0.4548794593691002	0.5420230552655836	0.0004172533154998343
V2	3:Ins:R:5	3.8334263290945286e-06	0.33542333063343405	3.1180095738684805e-07	0.2438379615507518	0.4207034066591783	3.1155929349403866e-05
V2	4:Ins:R:0	0.2861480219825242	0.010222864169092034	0.04611720291801797	2.8553097113276845e-08	0.0497125826383288	0.60779929973894
V2	4:Ins:R:1	0.6552505656331098	0.0	0.009568869814881233	0.08699676874556789	0.21057465608741174	0.03760913971902947
V2	4:Ins:R:2	0.009712163405541093	0.0025788178042428157	0.00042580404260369195	0.000525525205727744	0.9851576177631427	0.0016000717787419628
V2	4:Ins:R:3	0.010616136074941124	0.0028303577920721925	0.00044425703382722096	0.00040171818838620314	0.0019725881445272152	0.9837349427662461
V2	4:Ins:R:4	2.700267170307331e-05	0.00021601866630582142	0.00010220440875555386	0.1279611941825132	0.00016401883617167708	0.8715295612345507
V2	4:Ins:R:5	0.5825998284878692	0.0	0.0	0.05064259961337323	0.2941590833621977	0.07259848853656
V2	5:Ins:R:0	0.000715220993252475	0.0003820278721780441	0.1575271716591222	5.07011300825554e-05	0.8361125387763606	0.005212339569004059
V2	5:Ins:R:1	0.017491490556418077	1.428064546443009e-06	0.025896149821460993	0.0028064104450915336	0.21723245269674718	0.7365720684157357
V2	5:Ins:R:2	0.667140064765872	0.07676425775603278	9.849364130923857e-06	2.8259271987527185e-05	0.04613582613310441	0.20992174270887243
V2	5:Ins:R:3	0.0041394394487169394	0.0011568622435863228	0.00019247261369516457	0.00025586198651610516	0.992852909806499	0.0014024539009865554
V2	5:Ins:R:4	3.8908382711794955e-07	0.9999317339012577	2.412607741717631e-10	6.58459493247254e-05	1.5469341133175388e-06	4.83890216328238e-07
V2	5:Ins:R:5	0.001955291063816972	0.0007900397086087646	0.00011923936876598528	0.00011093611920468651	0.15364528218060294	0.8433792115590008
V2	2:Del:M:1	0.771512548432686	0.07180275085602919	0.04965410303370353	0.012239657560958331	0.04080051060982961	0.05399042950679336
V2	3:Del:M:1	0.0	3.0393499423380495e-05	0.13094867328451934	0.007777240280039712	2.780323753083423e-05	0.8612158896984867
V2	3:Del:M:2	0.0	0.07377003315979243	0.012199663440374238	0.09068001235013193	0.2593527787063357	0.5639975123433657
V2	4:Del:M:1	0.3018674589199845	0.09061320999300247	0.03438899860097504	1.368940747395332e-07	0.0	0.5731301955919632
V2	4:Del:M:2	0.5335993044815537	0.0440553199121236	0.18506618264499408	0.04294087417071753	0.0	0.19433831879061111
V2	4:Del:M:3	0.2266116008525572	0.2048769338028032	0.293002052358553	0.18493282709671993	1.9114909062562043e-05	0.09055747098030399
V2	5:Del:M:1	1.603395211540918e-05	0.0003667337210324822	3.3657569307520176e-08	0.00023898154961831075	9.230387748830468e-07	0.9993772940808896
V2	5:Del:M:2	0.055682767691587094	0.011006818150015037	0.0027016646631091907	7.800645843692815e-05	5.774703128547066e-07	0.9305301655665389
V2	5:Del:M:3	0.24272905979938036	4.341321963223927e-06	0.004714948490929654	0.00024296730292201567	0.0036097092624394287	0.7486989738223653
V2	5:Del:M:4	0.0	0.004652900826351595	0.00974004226039288	0.024525984802504133	0.016230803448631308	0.94485026866212
V2	5:Del:M:5	0.9938055920123171	9.579224326962104e-09	0.0	0.0009599948048532322	4.047498155152864e-09	0.00523439955610717
V3	1:Del:C:0	0.0007207844797581084	0.005593347101712676	0.9724120872064695	0.007257434576328657	0.0002588354958782495	0.013757511139852796
V3	1:Del:C:1	0.006893020840559233	0.0	0.8485562991215287	0.0001643633628331981	0.003599674301551135	0.1407866423735276
V3	1:Del:C:2	0.02629590220406764	0.027876104815843294	0.5427117575249256	0.0	8.82265085204375e-38	0.40311623545516345
V3	1:Del:C:3	0.019129840959067647	0.04956121072833516	0.43009748882805254	0.2792424795367803	0.004324531996086632	0.21764444795167776
V3	1:Del:C:4	0.0037592664123185806	0.008495095430893227	0.793449235276482	0.1396577973267053	0.0023569152816670072	0.052281690271933745
V3	1:Del:C:5	0.0	0.002158980913569588	0.027742513514570136	0.9342336574708069	0.0025524537679576017	0.03331239433309583
V3	1:Del:T:0	0.0025987479582637884	0.0	0.7443643720616275	0.04634099167334932	0.0006111830591673013	0.20608470524759195
V3	1:Del:T:1	0.0027815924195291894	3.062480704317194e-07	0.8645437483884487	0.017204566431578607	4.2434584851843805e-08	0.11546974407778808
V3	1:Del:T:2	0.007128995330750863	0.0004257145842484874	0.8441826269650393	0.11772456411835999	0.002404247910096657	0.028133851091504795
V3	1:Del:T:3	0.0018410619597252524	0.00019882433688687078	0.8378443152019425	0.13908643803074394	0.00017115226051052146	0.020858208210190916
V3	1:Del:T:4	0.057411457299735846	0.0016055485131500943	0.5906073419224036	0.349757922019329	0.0006177302453814564	8.042425458024966e-46
V3	1:Del:T:5	1.413714585814515e-07	8.579400023872299e-07	2.0691214363829177e-07	0.9999980527000829	1.0185199773538807e-08	7.308911130016846e-07
V3	1:Ins:C:0	0.029539739065287677	1.0930923222918367e-05	1.9911471937764306e-05	6.467243727970622e-06	9.462396087417807e-07	0.9704220050562148
V3	1:Ins:C:1	1.5279077730611473e-06	0.09600880361439691	0.32477204582001334	0.058318697790829495	0.0014725650597262523	0.5194263598072609
V3	1:Ins:C:2	0.040392724903113936	2.853432641567914e-06	0.30841757842858664	0.03764025636988739	0.013732374375184396	0.5998142124905861
V3	1:Ins:C:3	0.7612691320174139	0.12018390943693587	0.11061691209740919	0.0	0.007930046448240979	0.0
V3	1:Ins:C:4	0.01108184708018302	0.3436115678952481	0.11512553633902652	0.3133630455681044	0.0012182147025767117	0.21559978841486133
V3	1:Ins:C:5	0.015526072839011017	0.08316503579509982	0.046383040558958116	0.6744630919708033	0.14792768810630388	0.03253507072982377
V3	1:Ins:T:0	0.0031980029584809866	0.010522900246000501	0.5651004163318046	0.16995076882008206	0.004742050198169223	0.24648586144546258
V3	1:Ins:T:1	0.00013395495252401765	0.015033030326008587	0.7809066051685556	0.00631032850201305	0.00014710325754825385	0.1974689777933506
V3	1:Ins:T:2	0.03455289497289928	0.002629087990271586	0.6724723632569699	0.16084804073692333	0.0003240240031315714	0.12917358903980442
V3	1:Ins:T:3	0.21459050707607927	0.04273421727168208	0.22262057860527068	0.14656848010103368	0.3534655534794397	0.020020663466494736
V3	1:Ins:T:4	0.023372585098792892	0.0074890465928255795	0.06820546521628913	0.7584402999548095	0.09640617923328403	0.04608642390399886
V3	1:Ins:T:5	4.443218749125556e-06	1.8010539714759025e-05	8.569093380986449e-05	3.2386058409000803e-06	0.9998690156747229	1.960102716251149e-05
V3	2:Del:R:0	0.00022578109108269478	1.3542792003565096e-06	0.6370504750262977	0.003745720923228071	0.0011967309869129418	0.3577799376932783
V3	2:Del:R:1	0.022596600778491856	0.001715417064409097	0.13114030960544085	0.35990190301891684	0.007890894794775156	0.4767548747379661
V3	2:Del:R:2	7.153292445940427e-07	0.19795614911130868	0.1613417792497523	0.5385071103454808	0.003158387140036755	0.099035858824177
V3	2:Del:R:3	2.7955117399720697e-07	0.9999928998867288	1.238156352782601e-06	3.048957020774183e-06	6.189282338526709e-08	2.4715559002625593e-06
V3	2:Del:R:4	5.183634215231665e-06	0.2900738859695236	1.7522355767032614e-05	0.709782570622595	4.497489160209851e-06	0.00011633992873885909
V3	2:Del:R:5	0.00013524603275574094	5.359330520671395e-05	0.4032772351374566	6.0088053477815077e-05	2.184393048413965e-06	0.5964716530780547
V3	3:Del:R:0	0.004568078625631892	2.394919744900588e-07	0.02704510739627268	0.010051319752719038	0.0020790698308636602	0.9562561849025383
V3	3:Del:R:1	0.005563445549019962	0.0	0.4957134010265423	0.4311692492078327	0.014475772149270765	0.05307813206733428
V3	3:Del:R:2	0.01643469015347378	1.2079651040928496e-06	0.10869176875374172	0.7744202033900174	0.005286133082169732	0.0951659966554935
V3	3:Del:R:3	2.354195314742268e-06	0.06292588931381761	0.2564679017771291	0.5536867389973307	2.9855638068078185e-08	0.12691708586076986
V3	3:Del:R:4	0.06709445371365648	0.13379934249298198	0.31266276070930643	0.23114010083825492	0.011306196816202447	0.24399714542959774
V3	3:Del:R:5	0.06709445371365648	0.13379934249298198	0.31266276070930643	0.23114010083825492	0.011306196816202447	0.24399714542959774
V3	4:Del:R:0	0.023757354723937443	0.11530293915251177	0.060646597891655045	3.6999743466010284e-06	0.001393022583413469	0.7988963856741357
V3	4:Del:R:1	0.009921566191290254	0.035666972038565406	0.5431117821444356	0.3575207893414759	2.2716801340691028e-08	0.05377886756743137
V3	4:Del:R:2	1.0944985664819533e-05	2.0020401954752782e-05	0.026522926672768236	0.7183005888785816	0.006156071130622597	0.248989447930408
V3	4:Del:R:3	0.06709445371365648	0.13379934249298198	0.31266276070930643	0.23114010083825492	0.011306196816202447	0.24399714542959774
V3	4:Del:R:4	0.06709445371365648	0.13379934249298198	0.31266276070930643	0.23114010083825492	0.011306196816202447	0.24399714542959774
V3	4:Del:R:5	0.06709445371365648	0.13379934249298198	0.31266276070930643	0.23114010083825492	0.011306196816202447	0.24399714542959774
V3	5:Del:R:0	0.0415713962561085	0.0017681393534265252	0.005096941590626825	0.012743416741409106	7.934802918367947e-06	0.9388121712555106
V3	5:Del:R:1	0.001772422758262252	0.042556138446561045	0.09357876137427912	0.8536899295186994	0.008402747902198226	0.0
V3	5:Del:R:2	4.275780885314028e-06	1.3428574339539687e-05	0.888442324295171	0.03945642026177426	1.7099328384666826e-06	0.07208184115499136
V3	5:Del:R:3	0.9999845910712076	1.7438090303805315e-06	1.352316197893435e-05	4.86040915099308e-09	7.184888967433442e-08	6.524848437695544e-08
V3	5:Del:R:4	0.2985144462437782	0.027772654496795335	0.07277619457079013	0.1839735640148377	0.0006152099014532932	0.41634793077234544
V3	5:Del:R:5	0.06709445371365648	0.13379934249298198	0.31266276070930643	0.23114010083825492	0.011306196816202447	0.24399714542959774
V3	2:Ins:R:0	0.013497562808189393	0.7367451570666833	0.09589817124740029	0.15333697710320862	0.0005218053713505322	3.264031681256398e-07
V3	2:Ins:R:1	0.01808931002961462	0.031953434268559656	0.5775033923516444	0.03135963391085275	0.0	0.3410942294393286
V3	2:Ins:R:2	0.0	0.04412671962927366	0.42459200706314226	0.3960074253854146	0.008185215050533186	0.12708863287163624
V3	2:Ins:R:3	0.008394215519580408	9.313491719097969e-06	0.5966979875771758	0.3505536068922965	0.0020018309911711664	0.042343045528057066
V3	2:Ins:R:4	0.00801209374604366	0.013057038844235438	0.19943312217931905	0.5224726387980736	0.02178816199294128	0.23523694443938703
V3	2:Ins:R:5	0.007053737521835939	0.007237350997815601	0.0913619355586546	0.7929232109159741	0.043439627353618324	0.05798413765210159
V3	3:Ins:R:0	0.0013024517194435636	0.0021806456953512945	0.0053985055897445705	0.006708086053079511	0.9479709927400489	0.03643931820233205
V3	3:Ins:R:1	0.009404218519441237	0.01189996828939745	0.015302860185860122	0.7421136028063201	0.001349961746666549	0.21992938845231444
V3	3:Ins:R:2	0.004745044385040695	0.9801281773211414	0.0047936496297501284	0.010074095935325563	1.4152180975114087e-05	0.0002448805477670149
V3	3:Ins:R:3	0.06709445371365648	0.13379934249298198	0.31266276070930643	0.23114010083825492	0.011306196816202447	0.24399714542959774
V3	3:Ins:R:4	5.10611398129456e-05	0.0001405192603914492	0.0008579770308271699	0.983972926798341	0.014655970969253349	0.000321544801374041
V3	3:Ins:R:5	1.843392521036388e-07	0.11635748078297954	1.5968265757227106e-06	0.8649472641650172	0.018654102210978983	3.937167519641832e-05
V3	4:Ins:R:0	0.013440672694632706	0.0034639625708478053	0.23069746573478106	9.893297984462854e-08	0.0021531000282869945	0.7502447000384717
V3	4:Ins:R:1	0.07065256540483246	0.0	0.10988307011678006	0.6919604366201604	0.020936026284138404	0.10656790157408873
V3	4:Ins:R:2	0.009137674336948039	0.01750292767668974	0.04266572043081349	0.036472947089748124	0.8546593311823063	0.039561399283494295
V3	4:Ins:R:3	0.00040891706465754203	0.0007864668839637841	0.00182243764779421	0.0011414262711901392	7.00604302809464e-05	0.9957706917021135
V3	4:Ins:R:4	8.345760996497622e-07	4.816380956736271e-05	0.0003364173960963474	0.291739411125439	4.674342774766797e-06	0.707870498750023
V3	4:Ins:R:5	0.0896668444411229	0.0	0.0	0.5749566950295738	0.04174566858584905	0.29363079194345415
V3	5:Ins:R:0	4.04267125667263e-05	0.00015577349567101587	0.948272719055362	0.00021139924077446916	0.04357732155366486	0.007742359941960934
V3	5:Ins:R:1	0.0007760439063675283	4.570646710568889e-07	0.12236135565844193	0.009184769711847436	0.00888693088108829	0.8587904427775838
V3	5:Ins:R:2	0.09835233871783026	0.08163888541784826	0.00015464129220560627	0.0003073167619775589	0.006271531298047584	0.8132752865120907
V3	5:Ins:R:3	0.004122124939073092	0.008310585216294818	0.020412592621167996	0.018795028762012212	0.9116584320687117	0.03670123639274038
V3	5:Ins:R:4	5.3902545076186915e-08	0.9993250797882411	3.5596099924193896e-09	0.0006729034676616548	1.9760845955041218e-07	1.7616734826537224e-06
V3	5:Ins:R:5	8.754946417437342e-05	0.0002551886416952091	0.0005686058886346014	0.00036641450439655926	0.0063434997914431305	0.9923787417096561
V3	2:Del:M:1	0.08632816531957338	0.05795900793056957	0.5917172986712299	0.10102675299783642	0.004209618495284647	0.15875915658550602
V3	3:Del:M:1	0.0	5.90157816799791e-06	0.37537714316654786	0.01544188243356462	6.900492812429562e-07	0.6091743827724384
V3	3:Del:M:2	0.0	0.022567631046809793	0.055097654156327766	0.2836643982200313	0.010141312841682501	0.6285290037351485
V3	4:Del:M:1	0.015339264556576696	0.033216211537896057	0.18610471495188927	5.131336554579331e-07	0.0	0.7653392958199826
V3	4:Del:M:2	0.01850487649816824	0.01102147293535117	0.6835143090892644	0.10984983983025573	0.0	0.17710950164696052
V3	4:Del:M:3	0.004631258682253333	0.03020510221147844	0.6377304749162491	0.2787972721063663	3.602108253890744e-07	0.04863553187282721
V3	5:Del:M:1	6.100467895876176e-07	0.00010065694655106074	1.3638132963456697e-07	0.0006707250818103592	3.238248197331389e-08	0.9992278391610373
V3	5:Del:M:2	0.0022378577654405887	0.0031911248864316556	0.011563590844848154	0.00023125963612527492	2.1399762452346484e-08	0.9827761454673919
V3	5:Del:M:3	0.011874397366721034	1.5320824684258435e-06	0.024564977168626777	0.000876789313282653	0.00016282821120894517	0.9625194758576922
V3	5:Del:M:4	0.0	0.0012106626396073486	0.03741445732885565	0.06525489073777595	0.0005398046776487715	0.8955801846161122
V3	5:Del:M:5	0.8266717388940403	5.748206236585729e-08	0.0	0.05890581214042898	3.1044590653099716e-09	0.11442238837900932
V4	1:Del:C:0	1.0	0.0	0.0	0.0	0.0	0.0
V4	1:Del:C:1	1.0	0.0	0.0	0.0	0.0	0.0
V4	1:Del:C:2	1.0	0.0	0.0	0.0	0.0	0.0
V4	1:Del:C:3	1.0	0.0	0.0	0.0	0.0	0.0
V4	1:Del:C:4	1.0	0.0	0.0	0.0	0.0	0.0
V4	1:Del:C:5						
V4	1:Del:T:0	1.0	0.0	0.0	0.0	0.0	0.0
V4	1:Del:T:1	1.0	0.0	0.0	0.0	0.0	0.0
V4	1:Del:T:2	1.0	0.0	0.0	0.0	0.0	0.0
V4	1:Del:T:3	1.0	0.0	0.0	0.0	0.0	0.0
V4	1:Del:T:4	1.0	0.0	0.0	0.0	0.0	0.0
V4	1:Del:T:5	1.0	0.0	0.0	0.0	0.0	0.0
V4	1:Ins:C:0	1.0	0.0	0.0	0.0	0.0	0.0
V4	1:Ins:C:1	1.0	0.0	0.0	0.0	0.0	0.0
V4	1:Ins:C:2	1.0	0.0	0.0	0.0	0.0	0.0
V4	1:Ins:C:3	1.0	0.0	0.0	0.0	0.0	0.0
V4	1:Ins:C:4	1.0	0.0	0.0	0.0	0.0	0.0
V4	1:Ins:C:5	1.0	0.0	0.0	0.0	0.0	0.0
V4	1:Ins:T:0	1.0	0.0	0.0	0.0	0.0	0.0
V4	1:Ins:T:1	1.0	0.0	0.0	0.0	0.0	0.0
V4	1:Ins:T:2	1.0	0.0	0.0	0.0	0.0	0.0
V4	1:Ins:T:3	1.0	0.0	0.0	0.0	0.0	0.0
V4	1:Ins:T:4	1.0	0.0	0.0	0.0	0.0	0.0
V4	1:Ins:T:5	1.0	0.0	0.0	0.0	0.0	0.0
V4	2:Del:R:0	1.0	0.0	0.0	0.0	0.0	0.0
V4	2:Del:R:1	1.0	0.0	0.0	0.0	0.0	0.0
V4	2:Del:R:2	1.0	0.0	0.0	0.0	0.0	0.0
V4	2:Del:R:3	1.0	0.0	0.0	0.0	0.0	0.0
V4	2:Del:R:4	1.0	0.0	0.0	0.0	0.0	0.0
V4	2:Del:R:5	1.0	0.0	0.0	0.0	0.0	0.0
V4	3:Del:R:0	1.0	0.0	0.0	0.0	0.0	0.0
V4	3:Del:R:1	1.0	0.0	0.0	0.0	0.0	0.0
V4	3:Del:R:2	1.0	0.0	0.0	0.0	0.0	0.0
V4	3:Del:R:3	1.0	0.0	0.0	0.0	0.0	0.0
V4	3:Del:R:4	1.0	0.0	0.0	0.0	0.0	0.0
V4	3:Del:R:5	1.0	0.0	0.0	0.0	0.0	0.0
V4	4:Del:R:0	1.0	0.0	0.0	0.0	0.0	0.0
V4	4:Del:R:1	1.0	0.0	0.0	0.0	0.0	0.0
V4	4:Del:R:2	1.0	0.0	0.0	0.0	0.0	0.0
V4	4:Del:R:3	1.0	0.0	0.0	0.0	0.0	0.0
V4	4:Del:R:4	1.0	0.0	0.0	0.0	0.0	0.0
V4	4:Del:R:5	1.0	0.0	0.0	0.0	0.0	0.0
V4	5:Del:R:0	1.0	0.0	0.0	0.0	0.0	0.0
V4	5:Del:R:1	1.0	0.0	0.0	0.0	0.0	0.0
V4	5:Del:R:2	1.0	0.0	0.0	0.0	0.0	0.0
V4	5:Del:R:3	1.0	0.0	0.0	0.0	0.0	0.0
V4	5:Del:R:4	1.0	0.0	0.0	0.0	0.0	0.0
V4	5:Del:R:5	1.0	0.0	0.0	0.0	0.0	0.0
V4	2:Ins:R:0	1.0	0.0	0.0	0.0	0.0	0.0
V4	2:Ins:R:1	1.0	0.0	0.0	0.0	0.0	0.0
V4	2:Ins:R:2						
V4	2:Ins:R:3	1.0	0.0	0.0	0.0	0.0	0.0
V4	2:Ins:R:4	1.0	0.0	0.0	0.0	0.0	0.0
V4	2:Ins:R:5	1.0	0.0	0.0	0.0	0.0	0.0
V4	3:Ins:R:0	1.0	0.0	0.0	0.0	0.0	0.0
V4	3:Ins:R:1	1.0	0.0	0.0	0.0	0.0	0.0
V4	3:Ins:R:2	1.0	0.0	0.0	0.0	0.0	0.0
V4	3:Ins:R:3	1.0	0.0	0.0	0.0	0.0	0.0
V4	3:Ins:R:4	1.0	0.0	0.0	0.0	0.0	0.0
V4	3:Ins:R:5	1.0	0.0	0.0	0.0	0.0	0.0
V4	4:Ins:R:0	1.0	0.0	0.0	0.0	0.0	0.0
V4	4:Ins:R:1	1.0	0.0	0.0	0.0	0.0	0.0
V4	4:Ins:R:2	1.0	0.0	0.0	0.0	0.0	0.0
V4	4:Ins:R:3	1.0	0.0	0.0	0.0	0.0	0.0
V4	4:Ins:R:4	1.0	0.0	0.0	0.0	0.0	0.0
V4	4:Ins:R:5	1.0	0.0	0.0	0.0	0.0	0.0
V4	5:Ins:R:0	1.0	0.0	0.0	0.0	0.0	0.0
V4	5:Ins:R:1	1.0	0.0	0.0	0.0	0.0	0.0
V4	5:Ins:R:2	1.0	0.0	0.0	0.0	0.0	0.0
V4	5:Ins:R:3	1.0	0.0	0.0	0.0	0.0	0.0
V4	5:Ins:R:4	1.0	0.0	0.0	0.0	0.0	0.0
V4	5:Ins:R:5	1.0	0.0	0.0	0.0	0.0	0.0
V4	2:Del:M:1	1.0	0.0	0.0	0.0	0.0	0.0
V4	3:Del:M:1						
V4	3:Del:M:2						
V4	4:Del:M:1	1.0	0.0	0.0	0.0	0.0	0.0
V4	4:Del:M:2	1.0	0.0	0.0	0.0	0.0	0.0
V4	4:Del:M:3	1.0	0.0	0.0	0.0	0.0	0.0
V4	5:Del:M:1	1.0	0.0	0.0	0.0	0.0	0.0
V4	5:Del:M:2	1.0	0.0	0.0	0.0	0.0	0.0
V4	5:Del:M:3	1.0	0.0	0.0	0.0	0.0	0.0
V4	5:Del:M:4						
V4	5:Del:M:5	1.0	0.0	0.0	0.0	0.0	0.0
V5	1:Del:C:0	0.008079957770390686	0.002330109922215466	0.9697686453406454	0.018291239762552494	0.00032348170757155216	0.0012065654966244164
V5	1:Del:C:1	0.08213439481501221	0.0	0.8995188261593415	0.00044032854169230703	0.004781904586370094	0.013124545897583832
V5	1:Del:C:2	0.33384222958904236	0.013151832199544985	0.6129662349326739	0.0	1.248747172474087e-37	0.0400397032787387
V5	1:Del:C:3	0.15402187816185994	0.014829070735604667	0.3080719006055808	0.5054857184586116	0.0038817932366424545	0.013709638801700388
V5	1:Del:C:4	0.03522070424927007	0.0029577684164404042	0.6613451950082838	0.29418225182842245	0.0024618474166831403	0.0038322330809001416
V5	1:Del:C:5	0.0	0.00037643357039230323	0.011579731823394227	0.9854859298499847	0.0013351150245394675	0.0012227897316892736
V5	1:Del:T:0	0.032115140163778214	0.0	0.8183618288996386	0.1287559574384339	0.0008420525539265936	0.01992502094422297
V5	1:Del:T:1	0.03293136395672664	1.3473814370983456e-07	0.9105783596342164	0.04579481468531792	5.600907640634109e-08	0.010695270976519056
V5	1:Del:T:2	0.065282082940151	0.00014487224005240985	0.6877272112861273	0.24237572016923403	0.0024545232411421563	0.0020155901232931533
V5	1:Del:T:3	0.01707222159713851	6.851602377405433e-05	0.6911926120062692	0.2899764765020737	0.00017694019555756493	0.0015132336751869067
V5	1:Del:T:4	0.3042162810233885	0.00031616099435132	0.27841770479544825	0.41668492704408666	0.000364926142725209	3.334097460649462e-47
V5	1:Del:T:5	6.287903272527074e-07	1.418084157904077e-07	8.187366263602669e-08	0.9999991170436919	5.050517659890348e-09	2.5433384634101246e-08
V5	1:Ins:C:0	0.7954543195464481	1.0938717532283328e-05	4.7700845979057634e-05	3.915472398859069e-05	2.840742978465781e-06	0.20444504542307357
V5	1:Ins:C:1	3.0679493434587923e-05	0.07164123701766051	0.5801546943407889	0.26327838840733236	0.0032964596525381835	0.0815985410882454
V5	1:Ins:C:2	0.48950632086497303	1.2850610235123937e-06	0.3325128250821335	0.10255670847507233	0.018553378985809655	0.05686948153098801
V5	1:Ins:C:3	0.9804351835751322	0.005752120408847888	0.012674076489535653	0.0	0.0011386195264843002	0.0
V5	1:Ins:C:4	0.10418250757468876	0.12004702548003458	0.09628717506532401	0.6623488422254337	0.00127681718345084	0.015857632471068077
V5	1:Ins:C:5	0.08123312193390628	0.01617012130344581	0.021589613377619485	0.7933887954350055	0.08628657360446318	0.0013317743455596145
V5	1:Ins:T:0	0.033830586564632066	0.004136824474181804	0.5318270457824202	0.4042128809284562	0.005592668045591634	0.020399994204718094
V5	1:Ins:T:1	0.0018313556836724236	0.007637679559729863	0.9497890265309722	0.01939644962574918	0.00022421178943585952	0.021121276810440466
V5	1:Ins:T:2	0.2623869842135873	0.0007419317273057675	0.45430384670253693	0.2746186145509972	0.000274319865924802	0.00767430293964789
V5	1:Ins:T:3	0.6955927005248292	0.005147794929319319	0.06419836130110369	0.1068172623096292	0.12773615384056047	0.0005077270945580655
V5	1:Ins:T:4	0.11058803648180006	0.0013168275500119258	0.02871009955370168	0.8068246299880549	0.05085439564258804	0.0017060107838433958
V5	1:Ins:T:5	3.985467807118876e-05	6.003566310698431e-06	6.838023854207466e-05	6.531246183031452e-06	0.9998778547480551	1.3755228379034817e-06
V5	2:Del:R:0	0.0037211507398427868	8.294665526931486e-07	0.9340662174483211	0.013879744173411422	0.0021989150965792785	0.04613314307529251
V5	2:Del:R:1	0.18853451754393388	0.0005318858799121288	0.09734151276423923	0.6751313154466012	0.007340003095967972	0.031120765269345495
V5	2:Del:R:2	4.970640832157551e-06	0.05111829658897842	0.09973954209001037	0.8413064011814815	0.0024467747724739547	0.005384014726223516
V5	2:Del:R:3	7.522298412593769e-06	0.9999703619327737	2.9640044642064948e-06	1.844577423335167e-05	1.856742853132776e-07	5.203158307482054e-07
V5	2:Del:R:4	3.0425904250798958e-05	0.06327304765682368	9.149887740260483e-06	0.9366790909655119	2.9430761581885787e-06	5.342509515160089e-06
V5	2:Del:R:5	0.00332343147884444	4.8941098194397476e-05	0.8816171440860965	0.0003319759931032814	5.9843255196841785e-06	0.11467252301824171
V5	3:Del:R:0	0.2695485947801345	5.251645959407678e-07	0.1419731890144914	0.13334690480329622	0.013677124713464796	0.4414536615240172
V5	3:Del:R:1	0.03743064542818197	0.0	0.296707318900825	0.6522102238026447	0.010857940100141527	0.0027938717682068977
V5	3:Del:R:2	0.08154069840379875	2.227246416435264e-07	0.04797596156462177	0.8638651011256021	0.0029239721224159146	0.0036940440589197715
V5	3:Del:R:3	1.5628354633452118e-05	0.01552390951244084	0.15146696059419065	0.8264017674661741	2.2096289565029187e-08	0.006591711976271504
V5	3:Del:R:4	0.43281340774803273	0.03207517526315619	0.17943384705813756	0.33523220364833206	0.008131166514329923	0.012314199768011656
V5	3:Del:R:5	0.43281340774803273	0.03207517526315619	0.17943384705813756	0.33523220364833206	0.008131166514329923	0.012314199768011656
V5	4:Del:R:0	0.5962590656428024	0.10754203863167608	0.13541210260429287	2.0878148134038668e-05	0.003897779785529042	0.15686813518756546
V5	4:Del:R:1	0.07068307053564138	0.009442834730489293	0.3442219203913294	0.5726546908168272	1.8042826884790777e-08	0.0029974654828859443
V5	4:Del:R:2	6.573490446026328e-05	4.468426366400764e-06	0.014171519186306143	0.9699367400555567	0.004121987752645836	0.01169954967466448
V5	4:Del:R:3	0.43281340774803273	0.03207517526315619	0.17943384705813756	0.33523220364833206	0.008131166514329923	0.012314199768011656
V5	4:Del:R:4	0.43281340774803273	0.03207517526315619	0.17943384705813756	0.33523220364833206	0.008131166514329923	0.012314199768011656
V5	4:Del:R:5	0.43281340774803273	0.03207517526315619	0.17943384705813756	0.33523220364833206	0.008131166514329923	0.012314199768011656
V5	5:Del:R:0	0.7948421023755082	0.0012563299595434883	0.00866981906946122	0.054780814679189764	1.6913933752054243e-05	0.14043401998254523
V5	5:Del:R:1	0.008664906539157281	0.007731428645818265	0.04069939775980705	0.9383245343863648	0.004579732668852702	0.0
V5	5:Del:R:2	4.832521890440686e-05	5.6401320279437775e-06	0.8933090908654124	0.10026108912959486	2.1545653449164305e-06	0.006373700088715507
V5	5:Del:R:3	0.9999987224907078	6.480462974942255e-08	1.2030910963794626e-06	1.0927864865581474e-09	8.010293464708622e-09	5.104861101661082e-10
V5	5:Del:R:4	0.8511719859845032	0.002942864959652773	0.018461009116319167	0.11794071029041388	0.00019556787364642176	0.00928786177546471
V5	5:Del:R:5	0.43281340774803273	0.03207517526315619	0.17943384705813756	0.33523220364833206	0.008131166514329923	0.012314199768011656
V5	2:Ins:R:0	0.16079786373830457	0.3261693750210437	0.1016364221710962	0.4107032728120116	0.0006930358356218773	3.0421921933467456e-08
