Sample Names	MutationType	ID83A	ID83B	ID83C	ID83D	ID83E
X01b0848c.ae36.4ade.a3da.d297b003c99f..Panc.AdenoCA..DO51493	1:Del:C:0	0.0028305874036456675	0.0040165127931582134	0.3526213930890738	0.6392181943391565	0.001313312374965654
X01b0848c.ae36.4ade.a3da.d297b003c99f..Panc.AdenoCA..DO51493	1:Del:C:1	0.0014248389199220412	0.027183624889556664	0.41039844320088265	0.5598960792290082	0.0010970137606305874
X01b0848c.ae36.4ade.a3da.d297b003c99f..Panc.AdenoCA..DO51493	1:Del:C:2	0.005641553767084885	0.027656029179545707	0.31920695411500216	0.6464009558113358	0.001094507127031448
X01b0848c.ae36.4ade.a3da.d297b003c99f..Panc.AdenoCA..DO51493	1:Del:C:3	0.0375559040307752	0.023637427496145124	0.36447913788456615	0.5743275231352489	7.453264476078677e-09
X01b0848c.ae36.4ade.a3da.d297b003c99f..Panc.AdenoCA..DO51493	1:Del:C:4	0.16526032338809962	0.02555503405059923	0.14579153727102123	0.6633930669686787	3.8321601309432305e-08
X01b0848c.ae36.4ade.a3da.d297b003c99f..Panc.AdenoCA..DO51493	1:Del:C:5	0.47448507242650473	0.0930932431874037	0.11044367236986997	0.31871403049103764	0.003263981525184118
X01b0848c.ae36.4ade.a3da.d297b003c99f..Panc.AdenoCA..DO51493	1:Del:T:0	0.006346932256433967	0.0193111853548257	0.45124476757164195	0.5218230154114958	0.0012740994056025241
X01b0848c.ae36.4ade.a3da.d297b003c99f..Panc.AdenoCA..DO51493	1:Del:T:1	0.012474612390716698	0.05951057997222453	0.5240261521562255	0.4030123327896894	0.0009763226911439082
X01b0848c.ae36.4ade.a3da.d297b003c99f..Panc.AdenoCA..DO51493	1:Del:T:2	0.013857560069715329	0.023722999099103612	0.3878686104906669	0.5736245374907238	0.0009262928497903017
X01b0848c.ae36.4ade.a3da.d297b003c99f..Panc.AdenoCA..DO51493	1:Del:T:3	0.061955081948387745	0.0423703294238743	0.27217949550344134	0.6226489052366774	0.0008461878876193149
X01b0848c.ae36.4ade.a3da.d297b003c99f..Panc.AdenoCA..DO51493	1:Del:T:4	0.1801568783313766	0.02857871876319657	0.2023064159960729	0.5853185627492373	0.0036394241601166197
X01b0848c.ae36.4ade.a3da.d297b003c99f..Panc.AdenoCA..DO51493	1:Del:T:5	0.6840872486558108	0.14291731929439258	6.146809730413633e-07	0.168347338151583	0.004647479217240427
X01b0848c.ae36.4ade.a3da.d297b003c99f..Panc.AdenoCA..DO51493	1:Ins:C:0	0.008829674450138889	1.0062790793110479e-20	0.07566114852322493	0.43168288081754086	0.48382629620909523
X01b0848c.ae36.4ade.a3da.d297b003c99f..Panc.AdenoCA..DO51493	1:Ins:C:1	0.022320097496727892	0.06645463092282729	0.0	0.4009070468499402	0.5103182247305046
X01b0848c.ae36.4ade.a3da.d297b003c99f..Panc.AdenoCA..DO51493	1:Ins:C:2	0.058264155000072634	0.48280742571199303	0.019744167212422087	0.08627212902929648	0.35291212304621583
X01b0848c.ae36.4ade.a3da.d297b003c99f..Panc.AdenoCA..DO51493	1:Ins:C:3	0.0576388902953917	0.32457083874251946	0.1146872067414671	0.05176841295088603	0.45133465126973576
X01b0848c.ae36.4ade.a3da.d297b003c99f..Panc.AdenoCA..DO51493	1:Ins:C:4	0.05396958107654086	0.15776795152754267	3.5183061765513564e-06	0.43055748873415667	0.3577014603555832
X01b0848c.ae36.4ade.a3da.d297b003c99f..Panc.AdenoCA..DO51493	1:Ins:C:5	0.11944016800486823	0.41882340530984036	0.40932287677982765	0.0	0.05241354990546378
X01b0848c.ae36.4ade.a3da.d297b003c99f..Panc.AdenoCA..DO51493	1:Ins:T:0	0.0347130074290962	0.6968817199256236	0.10350476183102605	0.09854860831459918	0.06635190249965502
X01b0848c.ae36.4ade.a3da.d297b003c99f..Panc.AdenoCA..DO51493	1:Ins:T:1	0.030076824404283827	0.7042187158989012	0.14687166827054918	0.0681742340705439	0.0506585573557219
X01b0848c.ae36.4ade.a3da.d297b003c99f..Panc.AdenoCA..DO51493	1:Ins:T:2	0.03699131926372648	0.7750106742154113	0.12725224761774373	0.0051119641589354265	0.05563379474418317
X01b0848c.ae36.4ade.a3da.d297b003c99f..Panc.AdenoCA..DO51493	1:Ins:T:3	0.02702984289861366	0.7238068622089778	0.11546214988291999	0.09084522654691764	0.04285591846257092
X01b0848c.ae36.4ade.a3da.d297b003c99f..Panc.AdenoCA..DO51493	1:Ins:T:4	0.04221703401853083	0.7264370061634361	0.014351351753727596	0.1891007863563485	0.027893821707957005
X01b0848c.ae36.4ade.a3da.d297b003c99f..Panc.AdenoCA..DO51493	1:Ins:T:5	0.04403986268574751	0.7592668547516531	0.04759973852945866	0.13529427102109443	0.013799273012046294
X01b0848c.ae36.4ade.a3da.d297b003c99f..Panc.AdenoCA..DO51493	2:Del:R:0	0.01585066214021239	0.014931722178177804	0.46192037631561306	0.5072972143724405	2.49935562329808e-08
X01b0848c.ae36.4ade.a3da.d297b003c99f..Panc.AdenoCA..DO51493	2:Del:R:1	0.03430503628365729	0.034102445613234604	0.5524048880982926	0.37587005626509906	0.0033175737397165683
X01b0848c.ae36.4ade.a3da.d297b003c99f..Panc.AdenoCA..DO51493	2:Del:R:2	0.03235851058584247	0.030756912472735612	0.5797079427557378	0.35614775275390365	0.001028881431780467
X01b0848c.ae36.4ade.a3da.d297b003c99f..Panc.AdenoCA..DO51493	2:Del:R:3	0.2467476694629852	0.023663496930913328	0.29847953964739987	0.43110899349110543	3.0046759615072586e-07
X01b0848c.ae36.4ade.a3da.d297b003c99f..Panc.AdenoCA..DO51493	2:Del:R:4	0.3545871882596545	0.003447585623881358	0.2509642807445671	0.3909997661853299	1.1791865671594156e-06
X01b0848c.ae36.4ade.a3da.d297b003c99f..Panc.AdenoCA..DO51493	2:Del:R:5	0.09235566414166112	0.0	0.7230006547731272	0.18464355148101827	1.2960419318127086e-07
X01b0848c.ae36.4ade.a3da.d297b003c99f..Panc.AdenoCA..DO51493	3:Del:R:0	0.0022073015001989266	0.03039090223747357	0.20181676158450926	0.7652004824048666	0.0003845522729515636
X01b0848c.ae36.4ade.a3da.d297b003c99f..Panc.AdenoCA..DO51493	3:Del:R:1	0.025922507490391593	0.024703310873579024	0.6455852121315498	0.30269571397720507	0.0010932555272744726
X01b0848c.ae36.4ade.a3da.d297b003c99f..Panc.AdenoCA..DO51493	3:Del:R:2	0.028689790904856044	0.0427724884089106	0.7471303809344448	0.18038908209070223	0.0010182576610862596
X01b0848c.ae36.4ade.a3da.d297b003c99f..Panc.AdenoCA..DO51493	3:Del:R:3	0.04610198583051644	0.10275169151936643	0.7869649506201041	0.04554020115016456	0.018641170879848474
X01b0848c.ae36.4ade.a3da.d297b003c99f..Panc.AdenoCA..DO51493	3:Del:R:4	0.008976852793907785	6.69082729894669e-05	0.8024721722442237	0.18848368191147724	3.84777401645766e-07
X01b0848c.ae36.4ade.a3da.d297b003c99f..Panc.AdenoCA..DO51493	3:Del:R:5	0.014863181878096423	0.028427247312734483	0.9567092677533382	0.0	3.0305583075913065e-07
X01b0848c.ae36.4ade.a3da.d297b003c99f..Panc.AdenoCA..DO51493	4:Del:R:0	0.00027122440361120883	0.0029333298063590417	0.24715946385044743	0.7496359093163355	7.26232468386182e-08
X01b0848c.ae36.4ade.a3da.d297b003c99f..Panc.AdenoCA..DO51493	4:Del:R:1	0.013447005452031547	0.05894344766385571	0.6202815879206436	0.30592025030815234	0.0014077086553165971
X01b0848c.ae36.4ade.a3da.d297b003c99f..Panc.AdenoCA..DO51493	4:Del:R:2	0.02147826777722446	0.006077474719256288	0.6785673548709001	0.29387643229207294	4.703405462566268e-07
X01b0848c.ae36.4ade.a3da.d297b003c99f..Panc.AdenoCA..DO51493	4:Del:R:3	0.00975142243957924	0.030505606196840167	0.5030308930863218	0.456711777522801	3.007544577814468e-07
X01b0848c.ae36.4ade.a3da.d297b003c99f..Panc.AdenoCA..DO51493	4:Del:R:4	0.010007013762177802	0.010199645185882622	0.7171349770020866	0.26265767791127403	6.861385788902916e-07
X01b0848c.ae36.4ade.a3da.d297b003c99f..Panc.AdenoCA..DO51493	4:Del:R:5	0.054759064234390455	0.10917125282707618	0.6167529116746394	0.2193160686236899	7.026402039219094e-07
X01b0848c.ae36.4ade.a3da.d297b003c99f..Panc.AdenoCA..DO51493	5:Del:R:0	0.00016407979369790997	0.004617411127355633	0.1121166148100328	0.8825845464563115	0.0005173478126022268
X01b0848c.ae36.4ade.a3da.d297b003c99f..Panc.AdenoCA..DO51493	5:Del:R:1	0.00470037589345972	0.0952245766172772	0.15196421802175308	0.7459671977618949	0.0021436317056151215
X01b0848c.ae36.4ade.a3da.d297b003c99f..Panc.AdenoCA..DO51493	5:Del:R:2	0.009537306546385682	0.1312060568440291	0.2941458659119787	0.5651105842444426	1.864531639698436e-07
X01b0848c.ae36.4ade.a3da.d297b003c99f..Panc.AdenoCA..DO51493	5:Del:R:3	0.027781317543744667	0.05130062426441953	0.5458627899859719	0.3750528945291914	2.3736766725106206e-06
X01b0848c.ae36.4ade.a3da.d297b003c99f..Panc.AdenoCA..DO51493	5:Del:R:4	0.06615449683638737	0.06204222668148606	0.03327793288894261	0.8385226252429746	2.718350209222528e-06
X01b0848c.ae36.4ade.a3da.d297b003c99f..Panc.AdenoCA..DO51493	5:Del:R:5	0.0029130671777587236	0.1425976559536696	0.3513103142091423	0.5031777000571419	1.262602287437355e-06
X01b0848c.ae36.4ade.a3da.d297b003c99f..Panc.AdenoCA..DO51493	2:Ins:R:0	0.05630638649564389	0.5046724007619183	0.13326205170759756	0.3023900586205958	0.0033691024142444587
X01b0848c.ae36.4ade.a3da.d297b003c99f..Panc.AdenoCA..DO51493	2:Ins:R:1	0.02240299931354042	0.5438181542808986	0.1974440442185659	0.2323428566238828	0.0039919455631123755
X01b0848c.ae36.4ade.a3da.d297b003c99f..Panc.AdenoCA..DO51493	2:Ins:R:2	0.24612349705115547	0.46468352437819704	7.945449394019868e-06	0.28917964939679547	5.383724457929074e-06
X01b0848c.ae36.4ade.a3da.d297b003c99f..Panc.AdenoCA..DO51493	2:Ins:R:3	0.37881268600026824	0.3412750648505334	0.27989937611778504	0.0	1.2873031413285154e-05
X01b0848c.ae36.4ade.a3da.d297b003c99f..Panc.AdenoCA..DO51493	2:Ins:R:4	0.25632950214078165	0.508015754750531	0.024175763199582617	0.21145761062290008	2.1369286204658465e-05
X01b0848c.ae36.4ade.a3da.d297b003c99f..Panc.AdenoCA..DO51493	2:Ins:R:5	0.04034736618830659	0.8343591180453397	0.12527638950617356	0.0	1.7126260179996225e-05
X01b0848c.ae36.4ade.a3da.d297b003c99f..Panc.AdenoCA..DO51493	3:Ins:R:0	0.015945466553511606	0.2367503486837692	0.3356683180155974	0.4080380353978438	0.003597831349278072
X01b0848c.ae36.4ade.a3da.d297b003c99f..Panc.AdenoCA..DO51493	3:Ins:R:1	0.04939102033089422	0.37409674074920285	0.3466206637979857	0.2298897442651879	1.8308567294174178e-06
X01b0848c.ae36.4ade.a3da.d297b003c99f..Panc.AdenoCA..DO51493	3:Ins:R:2	0.07345399213736693	0.5426791083992736	0.3838054712537094	0.0	6.142820965006629e-05
X01b0848c.ae36.4ade.a3da.d297b003c99f..Panc.AdenoCA..DO51493	3:Ins:R:3	0.44767276528178734	0.39979159791887464	0.004399272178640093	0.0011202689368046662	0.1470160956838934
X01b0848c.ae36.4ade.a3da.d297b003c99f..Panc.AdenoCA..DO51493	3:Ins:R:4	0.0017886305312191098	0.03894374414861043	0.783137890222331	0.17170560630270948	0.004424128795129959
X01b0848c.ae36.4ade.a3da.d297b003c99f..Panc.AdenoCA..DO51493	3:Ins:R:5	0.0017886303446397634	0.0389437149395888	0.7831378976482355	0.1717056283171072	0.004424128750428643
X01b0848c.ae36.4ade.a3da.d297b003c99f..Panc.AdenoCA..DO51493	4:Ins:R:0	0.004061187129112206	0.288092601024357	0.27033380866302104	0.4348658944576339	0.0026465087258759784
X01b0848c.ae36.4ade.a3da.d297b003c99f..Panc.AdenoCA..DO51493	4:Ins:R:1	0.00790578080424693	0.0034264180175567543	0.2728325718016662	0.7158332968863561	1.932490173878056e-06
X01b0848c.ae36.4ade.a3da.d297b003c99f..Panc.AdenoCA..DO51493	4:Ins:R:2	0.00031189170876227604	0.9902498091605564	0.007909675998223982	0.0014134683694815822	0.00011515476297577764
X01b0848c.ae36.4ade.a3da.d297b003c99f..Panc.AdenoCA..DO51493	4:Ins:R:3	5.3404021484770084e-05	0.9773446686399654	0.018189305381315204	0.0036743168374385278	0.0007383051197962927
X01b0848c.ae36.4ade.a3da.d297b003c99f..Panc.AdenoCA..DO51493	4:Ins:R:4	1.5593102794755088e-06	1.204955508138148e-05	0.0006814445609042137	0.999294396516769	1.0550056965891584e-05
X01b0848c.ae36.4ade.a3da.d297b003c99f..Panc.AdenoCA..DO51493	4:Ins:R:5	0.001788630688504997	0.03894374452252643	0.7831378713240255	0.17170562455258065	0.004424128912362376
X01b0848c.ae36.4ade.a3da.d297b003c99f..Panc.AdenoCA..DO51493	5:Ins:R:0	1.3664363726626543e-05	0.11724238415190986	0.31100514378582367	0.5678828746897127	0.003855933008827177
X01b0848c.ae36.4ade.a3da.d297b003c99f..Panc.AdenoCA..DO51493	5:Ins:R:1	0.0	0.0	0.28785285131266924	0.7121432500639635	3.8986233672408055e-06
X01b0848c.ae36.4ade.a3da.d297b003c99f..Panc.AdenoCA..DO51493	5:Ins:R:2	5.9325132491291645e-05	0.9732471247250538	0.02171491240408011	0.004696213040625891	0.00028242469774872076
X01b0848c.ae36.4ade.a3da.d297b003c99f..Panc.AdenoCA..DO51493	5:Ins:R:3	0.001788630688504997	0.03894374452252643	0.7831378713240255	0.17170562455258065	0.004424128912362376
X01b0848c.ae36.4ade.a3da.d297b003c99f..Panc.AdenoCA..DO51493	5:Ins:R:4	0.0017886305312191098	0.03894374414861043	0.783137890222331	0.17170560630270948	0.004424128795129959
X01b0848c.ae36.4ade.a3da.d297b003c99f..Panc.AdenoCA..DO51493	5:Ins:R:5	0.0017886303446397634	0.0389437149395888	0.7831378976482355	0.1717056283171072	0.004424128750428643
X01b0848c.ae36.4ade.a3da.d297b003c99f..Panc.AdenoCA..DO51493	2:Del:M:1	0.026124127117805533	0.06948665902392603	0.6842631952432391	0.21908440455174466	0.0010416140632846236
X01b0848c.ae36.4ade.a3da.d297b003c99f..Panc.AdenoCA..DO51493	3:Del:M:1	0.0010868242802001588	0.0	0.25994709944315747	0.7383560682679875	0.0006100080086547326
X01b0848c.ae36.4ade.a3da.d297b003c99f..Panc.AdenoCA..DO51493	3:Del:M:2	0.013861983205346456	0.018279650077141597	0.44987438126819845	0.5166534526464748	0.001330532802838669
X01b0848c.ae36.4ade.a3da.d297b003c99f..Panc.AdenoCA..DO51493	4:Del:M:1	0.002270433518947827	0.008896396984437633	0.27788211915098116	0.7109509667780889	8.356754460888549e-08
X01b0848c.ae36.4ade.a3da.d297b003c99f..Panc.AdenoCA..DO51493	4:Del:M:2	0.0019825233129187906	0.03228994277461979	0.24084543997654237	0.7248820879559188	5.980000288500473e-09
X01b0848c.ae36.4ade.a3da.d297b003c99f..Panc.AdenoCA..DO51493	4:Del:M:3	0.010937359504876681	0.020106739514643174	0.4276518072836099	0.5376448517203575	0.003659241976512664
X01b0848c.ae36.4ade.a3da.d297b003c99f..Panc.AdenoCA..DO51493	5:Del:M:1	7.806588780979351e-05	0.005312757138196795	0.0611548632647303	0.9333077939700837	0.00014651973917930377
X01b0848c.ae36.4ade.a3da.d297b003c99f..Panc.AdenoCA..DO51493	5:Del:M:2	7.9921529598754e-06	0.0057437196403448765	0.003606793477221882	0.9904757630733311	0.00016573165614218143
X01b0848c.ae36.4ade.a3da.d297b003c99f..Panc.AdenoCA..DO51493	5:Del:M:3	0.0001200808387779928	4.990352818482896e-05	0.0015498756082285993	0.9980369306162095	0.0002432094085991684
X01b0848c.ae36.4ade.a3da.d297b003c99f..Panc.AdenoCA..DO51493	5:Del:M:4	0.00011810155485726431	0.0019903419207802204	4.235103741254441e-46	0.997891555551422	9.729404518602457e-10
X01b0848c.ae36.4ade.a3da.d297b003c99f..Panc.AdenoCA..DO51493	5:Del:M:5	0.0003664620928383819	0.008402325232093034	0.009364432752194365	0.981630758272936	0.00023602164993813486
X02c97e2b.914e.4afc.bf50.78f0cfbfa67b..Panc.AdenoCA..DO35184	1:Del:C:0	0.0034859698972826677	0.007075877978727247	0.8985692545883467	0.08745191575766209	0.003416981777981284
X02c97e2b.914e.4afc.bf50.78f0cfbfa67b..Panc.AdenoCA..DO35184	1:Del:C:1	0.0014935256190968303	0.04076039588752694	0.8901197696299362	0.06519697868125163	0.002429330182188482
X02c97e2b.914e.4afc.bf50.78f0cfbfa67b..Panc.AdenoCA..DO35184	1:Del:C:2	0.007234460487980929	0.05073192711697827	0.8469847612321498	0.0920836540073516	0.0029651971555393524
X02c97e2b.914e.4afc.bf50.78f0cfbfa67b..Panc.AdenoCA..DO35184	1:Del:C:3	0.042228986731932504	0.03802040752623452	0.8480099546977722	0.0717406333386284	1.770543233754688e-08
X02c97e2b.914e.4afc.bf50.78f0cfbfa67b..Panc.AdenoCA..DO35184	1:Del:C:4	0.2863238015385389	0.0633358254316994	0.5226572796386226	0.12768295312266742	1.4026847167022772e-07
X02c97e2b.914e.4afc.bf50.78f0cfbfa67b..Panc.AdenoCA..DO35184	1:Del:C:5	0.5401194064483879	0.15158963459274463	0.26013806286852725	0.040303387243105664	0.007849508847234616
X02c97e2b.914e.4afc.bf50.78f0cfbfa67b..Panc.AdenoCA..DO35184	1:Del:T:0	0.006172055973302831	0.026863280260505912	0.9079752430130833	0.05637185940175057	0.0026175613513573647
X02c97e2b.914e.4afc.bf50.78f0cfbfa67b..Panc.AdenoCA..DO35184	1:Del:T:1	0.010152401000344693	0.06928193416085004	0.8824507968764563	0.03643620831930222	0.0016786596430467097
X02c97e2b.914e.4afc.bf50.78f0cfbfa67b..Panc.AdenoCA..DO35184	1:Del:T:2	0.015127694957623878	0.03704586150127735	0.8761257770126133	0.06956436838085443	0.0021362981476310797
X02c97e2b.914e.4afc.bf50.78f0cfbfa67b..Panc.AdenoCA..DO35184	1:Del:T:3	0.08187449067947533	0.08009725521251448	0.7442569784029637	0.09140880711211363	0.0023624685929327822
X02c97e2b.914e.4afc.bf50.78f0cfbfa67b..Panc.AdenoCA..DO35184	1:Del:T:4	0.2529028654038315	0.057389147605288536	0.5876359992746751	0.09127846675556357	0.010793520960641335
X02c97e2b.914e.4afc.bf50.78f0cfbfa67b..Panc.AdenoCA..DO35184	1:Del:T:5	0.7459649622623927	0.22293379710155267	1.3869236029967997e-06	0.020393244438732132	0.01070660927371952
X02c97e2b.914e.4afc.bf50.78f0cfbfa67b..Panc.AdenoCA..DO35184	1:Ins:C:0	0.007146661255997188	1.1650942728379883e-20	0.1267147790455295	0.03881472104138542	0.8273238386570879
X02c97e2b.914e.4afc.bf50.78f0cfbfa67b..Panc.AdenoCA..DO35184	1:Ins:C:1	0.01799945409434843	0.07666067064822417	0.0	0.03591534753620086	0.8694245277212266
X02c97e2b.914e.4afc.bf50.78f0cfbfa67b..Panc.AdenoCA..DO35184	1:Ins:C:2	0.03771308771241994	0.44704238103210575	0.0264438871013118	0.00620346436136237	0.4825971797928001
X02c97e2b.914e.4afc.bf50.78f0cfbfa67b..Panc.AdenoCA..DO35184	1:Ins:C:3	0.03354016041935655	0.2701737432907288	0.13808939760557562	0.003346474443380505	0.5548502242409584
X02c97e2b.914e.4afc.bf50.78f0cfbfa67b..Panc.AdenoCA..DO35184	1:Ins:C:4	0.049824648329814335	0.20835220423099088	6.720857091006732e-06	0.04415699180357965	0.6976594347785241
X02c97e2b.914e.4afc.bf50.78f0cfbfa67b..Panc.AdenoCA..DO35184	1:Ins:C:5	0.07125433154009354	0.3574175930228701	0.505269074228346	0.0	0.06605900120869049
X02c97e2b.914e.4afc.bf50.78f0cfbfa67b..Panc.AdenoCA..DO35184	1:Ins:T:0	0.02485023384028768	0.7136436877561659	0.15331844432971242	0.00783721698710192	0.10035041708673205
X02c97e2b.914e.4afc.bf50.78f0cfbfa67b..Panc.AdenoCA..DO35184	1:Ins:T:1	0.02065783394348533	0.6919018350788345	0.20873086108551045	0.005201710837005233	0.07350775905516449
X02c97e2b.914e.4afc.bf50.78f0cfbfa67b..Panc.AdenoCA..DO35184	1:Ins:T:2	0.024224142716065135	0.7260063142158417	0.17242883465863473	0.0003718857466111318	0.0769688226628472
X02c97e2b.914e.4afc.bf50.78f0cfbfa67b..Panc.AdenoCA..DO35184	1:Ins:T:3	0.01927991791929387	0.738530563545552	0.1704108073095157	0.0071984154569262795	0.06458029576871213
X02c97e2b.914e.4afc.bf50.78f0cfbfa67b..Panc.AdenoCA..DO35184	1:Ins:T:4	0.03544645676608886	0.8725035218384793	0.02493295512328004	0.01763809116074285	0.049478975111408835
X02c97e2b.914e.4afc.bf50.78f0cfbfa67b..Panc.AdenoCA..DO35184	1:Ins:T:5	0.034599782022190696	0.8533082915869198	0.07737983667467654	0.011808098044257288	0.022903991671955694
X02c97e2b.914e.4afc.bf50.78f0cfbfa67b..Panc.AdenoCA..DO35184	2:Del:R:0	0.015105121520055107	0.02035498716777071	0.9108351244083968	0.05370471658472755	5.031904991907286e-08
X02c97e2b.914e.4afc.bf50.78f0cfbfa67b..Panc.AdenoCA..DO35184	2:Del:R:1	0.026908633382313318	0.038265148341474056	0.8965759945040532	0.032752512766358925	0.00549771100580046
X02c97e2b.914e.4afc.bf50.78f0cfbfa67b..Panc.AdenoCA..DO35184	2:Del:R:2	0.024558541141141352	0.033391881892374645	0.9103724932211553	0.030027376300457504	0.0016497074448711597
X02c97e2b.914e.4afc.bf50.78f0cfbfa67b..Panc.AdenoCA..DO35184	2:Del:R:3	0.2608065042345123	0.035779016645507346	0.6527934074884578	0.05062040068089331	6.709506293230364e-07
X02c97e2b.914e.4afc.bf50.78f0cfbfa67b..Panc.AdenoCA..DO35184	2:Del:R:4	0.38448274158786755	0.00534752703774983	0.5630689238868027	0.047098106243070696	2.701244509160489e-06
X02c97e2b.914e.4afc.bf50.78f0cfbfa67b..Panc.AdenoCA..DO35184	2:Del:R:5	0.05740377077461304	0.0	0.9298468228257161	0.012749236213799644	1.7018587117227427e-07
X02c97e2b.914e.4afc.bf50.78f0cfbfa67b..Panc.AdenoCA..DO35184	3:Del:R:0	0.0040199107662290704	0.07917397788030188	0.7605150667905458	0.15481146712396457	0.0014795774389586573
X02c97e2b.914e.4afc.bf50.78f0cfbfa67b..Panc.AdenoCA..DO35184	3:Del:R:1	0.01808941475101363	0.024659643228432906	0.9321738519477749	0.02346534350932298	0.0016117465634555312
X02c97e2b.914e.4afc.bf50.78f0cfbfa67b..Panc.AdenoCA..DO35184	3:Del:R:2	0.017303808293337875	0.03690310822234364	0.9324091863638544	0.012086420438022868	0.0012974766824412445
X02c97e2b.914e.4afc.bf50.78f0cfbfa67b..Panc.AdenoCA..DO35184	3:Del:R:3	0.024707755093076184	0.07877469905129492	0.8726998081284224	0.0027113259862220113	0.021106411740984484
X02c97e2b.914e.4afc.bf50.78f0cfbfa67b..Panc.AdenoCA..DO35184	3:Del:R:4	0.005310295546378735	5.661852183929643e-05	0.9822463082417922	0.012386296815531501	4.808744583508333e-07
X02c97e2b.914e.4afc.bf50.78f0cfbfa67b..Panc.AdenoCA..DO35184	3:Del:R:5	0.007303339824517501	0.019981525522927555	0.9727148200516813	0.0	3.1460087365010924e-07
X02c97e2b.914e.4afc.bf50.78f0cfbfa67b..Panc.AdenoCA..DO35184	4:Del:R:0	0.0004526753824638191	0.007003306395083017	0.8535543771219365	0.13898938502896138	2.5607155527908636e-07
X02c97e2b.914e.4afc.bf50.78f0cfbfa67b..Panc.AdenoCA..DO35184	4:Del:R:1	0.009481804989182625	0.059454549167503	0.9050033006230316	0.023963309720871347	0.002097035499411494
X02c97e2b.914e.4afc.bf50.78f0cfbfa67b..Panc.AdenoCA..DO35184	4:Del:R:2	0.01464204659496719	0.005926657232430802	0.9571749613508356	0.022255657425942977	6.773958235584602e-07
X02c97e2b.914e.4afc.bf50.78f0cfbfa67b..Panc.AdenoCA..DO35184	4:Del:R:3	0.008516663964569763	0.03811231403921095	0.9090589224156334	0.04431154464678573	5.549338001160435e-07
X02c97e2b.914e.4afc.bf50.78f0cfbfa67b..Panc.AdenoCA..DO35184	4:Del:R:4	0.006507989906197187	0.009488805738345882	0.9650262205927201	0.018976041044788138	9.427179486836001e-07
X02c97e2b.914e.4afc.bf50.78f0cfbfa67b..Panc.AdenoCA..DO35184	4:Del:R:5	0.036229298621220055	0.1033228365123173	0.8443275337686483	0.016119348978012	9.821198023199755e-07
X02c97e2b.914e.4afc.bf50.78f0cfbfa67b..Panc.AdenoCA..DO35184	5:Del:R:0	0.000485592210636314	0.01954786239322742	0.6865662042988383	0.2901656948543044	0.0032346462429935306
X02c97e2b.914e.4afc.bf50.78f0cfbfa67b..Panc.AdenoCA..DO35184	5:Del:R:1	0.008660210198652386	0.25097416097298636	0.579339336561012	0.15268230604372196	0.008343986223627383
X02c97e2b.914e.4afc.bf50.78f0cfbfa67b..Panc.AdenoCA..DO35184	5:Del:R:2	0.010979565285619606	0.21607145924083743	0.7006772028205083	0.07227131917451061	4.534785240413311e-07
X02c97e2b.914e.4afc.bf50.78f0cfbfa67b..Panc.AdenoCA..DO35184	5:Del:R:3	0.021835204400415593	0.05767813255697478	0.8877358300516182	0.03274689156343662	3.9414275547346205e-06
X02c97e2b.914e.4afc.bf50.78f0cfbfa67b..Panc.AdenoCA..DO35184	5:Del:R:4	0.20874219900523802	0.2800414885465175	0.21727164890290954	0.29392654247466843	1.8121070666433085e-05
X02c97e2b.914e.4afc.bf50.78f0cfbfa67b..Panc.AdenoCA..DO35184	5:Del:R:5	0.0029433308146633143	0.2061033645422457	0.7344721165053278	0.056478492989181124	2.6951485819397214e-06
X02c97e2b.914e.4afc.bf50.78f0cfbfa67b..Panc.AdenoCA..DO35184	2:Ins:R:0	0.0514361184932227	0.6594839092302798	0.2518911223675134	0.030686769926666604	0.006502079982317529
X02c97e2b.914e.4afc.bf50.78f0cfbfa67b..Panc.AdenoCA..DO35184	2:Ins:R:1	0.01802162536947071	0.6257856658261042	0.32864548098930685	0.02076300714670956	0.006784220668408655
X02c97e2b.914e.4afc.bf50.78f0cfbfa67b..Panc.AdenoCA..DO35184	2:Ins:R:2	0.2610004734887943	0.7049034080647683	1.743421988101467e-05	0.034066622801966234	1.2061424590151793e-05
X02c97e2b.914e.4afc.bf50.78f0cfbfa67b..Panc.AdenoCA..DO35184	2:Ins:R:3	0.2619386485537132	0.3375699220142455	0.40047262399372385	0.0	1.8805438317522235e-05
X02c97e2b.914e.4afc.bf50.78f0cfbfa67b..Panc.AdenoCA..DO35184	2:Ins:R:4	0.24259857528097195	0.6877822295868303	0.04734407984080307	0.022232387816147642	4.27274752469999e-05
X02c97e2b.914e.4afc.bf50.78f0cfbfa67b..Panc.AdenoCA..DO35184	2:Ins:R:5	0.027021789175002763	0.7993482810148039	0.17360569782403068	0.0	2.42319861624912e-05
X02c97e2b.914e.4afc.bf50.78f0cfbfa67b..Panc.AdenoCA..DO35184	3:Ins:R:0	0.014468284953820696	0.3072943446092563	0.6302110447910555	0.041129516820093394	0.006896808825774221
X02c97e2b.914e.4afc.bf50.78f0cfbfa67b..Panc.AdenoCA..DO35184	3:Ins:R:1	0.037211913549529865	0.4031828472379912	0.5403613649153682	0.01924096012008883	2.9141770218486385e-06
X02c97e2b.914e.4afc.bf50.78f0cfbfa67b..Panc.AdenoCA..DO35184	3:Ins:R:2	0.044679019618529575	0.47218854940764304	0.483053493422175	0.0	7.893755165243405e-05
X02c97e2b.914e.4afc.bf50.78f0cfbfa67b..Panc.AdenoCA..DO35184	3:Ins:R:3	0.3342361654025634	0.42698296247132866	0.006796251361482413	9.291550606258255e-05	0.231891705258563
X02c97e2b.914e.4afc.bf50.78f0cfbfa67b..Panc.AdenoCA..DO35184	3:Ins:R:4	0.001048212409955724	0.03264754118048218	0.9496481557869493	0.011178570489663291	0.005477520132949462
X02c97e2b.914e.4afc.bf50.78f0cfbfa67b..Panc.AdenoCA..DO35184	3:Ins:R:5	0.001048212315511031	0.03264751715783989	0.9496481782894362	0.011178572081754313	0.005477520155458666
X02c97e2b.914e.4afc.bf50.78f0cfbfa67b..Panc.AdenoCA..DO35184	4:Ins:R:0	0.003945043216376579	0.40032709603491917	0.5433691307295826	0.0469274817209065	0.005431248298215201
X02c97e2b.914e.4afc.bf50.78f0cfbfa67b..Panc.AdenoCA..DO35184	4:Ins:R:1	0.012035543790608689	0.007461831043612772	0.8594349292147775	0.12106148059790198	6.215353099070896e-06
X02c97e2b.914e.4afc.bf50.78f0cfbfa67b..Panc.AdenoCA..DO35184	4:Ins:R:2	0.00021755553988375806	0.9880870377209888	0.01141618100695273	0.00010952809856413572	0.00016969763361049058
X02c97e2b.914e.4afc.bf50.78f0cfbfa67b..Panc.AdenoCA..DO35184	4:Ins:R:3	3.714448433953906e-05	0.9724163168355157	0.026177750318802224	0.00028390308486123887	0.0010848852764812082
X02c97e2b.914e.4afc.bf50.78f0cfbfa67b..Panc.AdenoCA..DO35184	4:Ins:R:4	1.3865187747005698e-05	0.0001532668888224467	0.01253774917592071	0.9870969315571148	0.0001981871903950716
X02c97e2b.914e.4afc.bf50.78f0cfbfa67b..Panc.AdenoCA..DO35184	4:Ins:R:5	0.0010482125243304072	0.03264754218534027	0.9496481529817123	0.011178571914521504	0.005477520394095505
X02c97e2b.914e.4afc.bf50.78f0cfbfa67b..Panc.AdenoCA..DO35184	5:Ins:R:0	1.5484022147421283e-05	0.19004792359462042	0.7292186663025961	0.07148686948625387	0.009231056594382168
X02c97e2b.914e.4afc.bf50.78f0cfbfa67b..Panc.AdenoCA..DO35184	5:Ins:R:1	0.0	0.0	0.8827394618985915	0.11724833121183319	1.2206889575319272e-05
X02c97e2b.914e.4afc.bf50.78f0cfbfa67b..Panc.AdenoCA..DO35184	5:Ins:R:2	4.124591384867213e-05	0.9679422802877862	0.03123892859191037	0.0003627130160690429	0.00041483219038578343
X02c97e2b.914e.4afc.bf50.78f0cfbfa67b..Panc.AdenoCA..DO35184	5:Ins:R:3	0.0010482125243304072	0.03264754218534027	0.9496481529817123	0.011178571914521504	0.005477520394095505
X02c97e2b.914e.4afc.bf50.78f0cfbfa67b..Panc.AdenoCA..DO35184	5:Ins:R:4	0.001048212409955724	0.03264754118048218	0.9496481557869493	0.011178570489663291	0.005477520132949462
X02c97e2b.914e.4afc.bf50.78f0cfbfa67b..Panc.AdenoCA..DO35184	5:Ins:R:5	0.001048212315511031	0.03264751715783989	0.9496481782894362	0.011178572081754313	0.005477520155458666
X02c97e2b.914e.4afc.bf50.78f0cfbfa67b..Panc.AdenoCA..DO35184	2:Del:M:1	0.01666166393738748	0.06339604001218924	0.903016318053695	0.015522482638580299	0.0014034953581479016
X02c97e2b.914e.4afc.bf50.78f0cfbfa67b..Panc.AdenoCA..DO35184	3:Del:M:1	0.0017465379207321741	0.0	0.8643696275543769	0.13181282647231288	0.002071008052578099
X02c97e2b.914e.4afc.bf50.78f0cfbfa67b..Panc.AdenoCA..DO35184	3:Del:M:2	0.013444108237508407	0.025360547636266002	0.9028045295688331	0.05566460157552	0.0027262129818724718
X02c97e2b.914e.4afc.bf50.78f0cfbfa67b..Panc.AdenoCA..DO35184	4:Del:M:1	0.0033939704217608446	0.019023811553794505	0.8595194339327391	0.11806252017646594	2.6391523946790003e-07
X02c97e2b.914e.4afc.bf50.78f0cfbfa67b..Panc.AdenoCA..DO35184	4:Del:M:2	0.003161669635588052	0.07366302991531026	0.7947534986878613	0.1284217816134719	2.0147768576683067e-08
X02c97e2b.914e.4afc.bf50.78f0cfbfa67b..Panc.AdenoCA..DO35184	4:Del:M:3	0.011025110383857294	0.02899320513020148	0.891983058265287	0.06020590478854694	0.007792721432107359
X02c97e2b.914e.4afc.bf50.78f0cfbfa67b..Panc.AdenoCA..DO35184	5:Del:M:1	0.0003277216845792196	0.031904207159776425	0.5312154650824336	0.435253132129022	0.001299473944188747
X02c97e2b.914e.4afc.bf50.78f0cfbfa67b..Panc.AdenoCA..DO35184	5:Del:M:2	6.339507044489209e-05	0.06517320106362236	0.059198242343573876	0.8727878491084219	0.002777312413936837
X02c97e2b.914e.4afc.bf50.78f0cfbfa67b..Panc.AdenoCA..DO35184	5:Del:M:3	0.001046148942940402	0.0006219209357677058	0.027939104767992808	0.9659164371465002	0.004476388206798796
X02c97e2b.914e.4afc.bf50.78f0cfbfa67b..Panc.AdenoCA..DO35184	5:Del:M:4	0.0010376117065082587	0.025014455592639404	7.699085377979699e-45	0.9739479146418785	1.8058973946688674e-08
X02c97e2b.914e.4afc.bf50.78f0cfbfa67b..Panc.AdenoCA..DO35184	5:Del:M:5	0.002593320206571105	0.08505712361801465	0.1371211341743919	0.7716997889957159	0.0035286330053064733
X02e5c36f.5bec.45e2.a048.875653b85ca1..Panc.AdenoCA..DO34616	1:Del:C:0	0.006486589546472087	0.010994889904202111	0.9189685886213624	0.059108529301252065	0.004441402626711363
X02e5c36f.5bec.45e2.a048.875653b85ca1..Panc.AdenoCA..DO34616	1:Del:C:1	0.0027148576881945745	0.06187148650557613	0.8892813125189585	0.04304769512516636	0.003084648162104273
X02e5c36f.5bec.45e2.a048.875653b85ca1..Panc.AdenoCA..DO34616	1:Del:C:2	0.0131384887036476	0.07693755618362474	0.8454174087736054	0.0607449036992326	0.0037616426398898333
X02e5c36f.5bec.45e2.a048.875653b85ca1..Panc.AdenoCA..DO34616	1:Del:C:3	0.07459454117410218	0.05608295885875684	0.8232915604459763	0.04603091767437546	2.1846789243817616e-08
X02e5c36f.5bec.45e2.a048.875653b85ca1..Panc.AdenoCA..DO34616	1:Del:C:4	0.4255382784221106	0.07860467568317195	0.4269278745581434	0.06892902571492553	1.4562164833181722e-07
X02e5c36f.5bec.45e2.a048.875653b85ca1..Panc.AdenoCA..DO34616	1:Del:C:5	0.6509002638790059	0.15254990325540985	0.17229984815380836	0.01764226144856316	0.00660772326321281
X02e5c36f.5bec.45e2.a048.875653b85ca1..Panc.AdenoCA..DO34616	1:Del:T:0	0.01122307426718429	0.04079047742606654	0.9074282904173591	0.03723337303582505	0.003324784853565149
X02e5c36f.5bec.45e2.a048.875653b85ca1..Panc.AdenoCA..DO34616	1:Del:T:1	0.01789221009274118	0.10196074355364759	0.8547557920642939	0.023324720206550333	0.0020665340827670606
X02e5c36f.5bec.45e2.a048.875653b85ca1..Panc.AdenoCA..DO34616	1:Del:T:2	0.027288915937358754	0.055804727046121244	0.8686329709206905	0.045581478885509584	0.0026919072103198456
X02e5c36f.5bec.45e2.a048.875653b85ca1..Panc.AdenoCA..DO34616	1:Del:T:3	0.13814600715814318	0.1128561223244887	0.6901904852642392	0.05602292856952989	0.0027844566835989997
X02e5c36f.5bec.45e2.a048.875653b85ca1..Panc.AdenoCA..DO34616	1:Del:T:4	0.380595059739037	0.07212020218756963	0.4860423555592936	0.04989600490375599	0.011346377610343749
X02e5c36f.5bec.45e2.a048.875653b85ca1..Panc.AdenoCA..DO34616	1:Del:T:5	0.7877010798583992	0.19657880439159686	8.049184414724551e-07	0.007821992171367061	0.007897318660195295
X02e5c36f.5bec.45e2.a048.875653b85ca1..Panc.AdenoCA..DO34616	1:Ins:C:0	0.01068580444739295	1.4547315463303218e-20	0.10413281824487751	0.021080870216707123	0.8641005070910225
X02e5c36f.5bec.45e2.a048.875653b85ca1..Panc.AdenoCA..DO34616	1:Ins:C:1	0.025626374281152837	0.09114192774755174	0.0	0.018573593872320097	0.8646581040989753
X02e5c36f.5bec.45e2.a048.875653b85ca1..Panc.AdenoCA..DO34616	1:Ins:C:2	0.04930357448346154	0.48803703224980893	0.01900062718193033	0.002945836557943282	0.4407129295268559
X02e5c36f.5bec.45e2.a048.875653b85ca1..Panc.AdenoCA..DO34616	1:Ins:C:3	0.04633630949800738	0.3116859387479654	0.10485109432322248	0.0016793138074417866	0.535447343623363
X02e5c36f.5bec.45e2.a048.875653b85ca1..Panc.AdenoCA..DO34616	1:Ins:C:4	0.06851668713175797	0.23925883184429905	5.079641958100181e-06	0.0220566541772417	0.6701627472047431
X02e5c36f.5bec.45e2.a048.875653b85ca1..Panc.AdenoCA..DO34616	1:Ins:C:5	0.10273623860746729	0.4303344172498452	0.40039757207687016	0.0	0.06653177206581733
X02e5c36f.5bec.45e2.a048.875653b85ca1..Panc.AdenoCA..DO34616	1:Ins:T:0	0.03194134711492176	0.7659879575955537	0.10831122793027975	0.003659086365780937	0.09010038099346387
X02e5c36f.5bec.45e2.a048.875653b85ca1..Panc.AdenoCA..DO34616	1:Ins:T:1	0.02695454202861213	0.7538924991509007	0.1496890964503287	0.002465366111499788	0.06699849625865871
X02e5c36f.5bec.45e2.a048.875653b85ca1..Panc.AdenoCA..DO34616	1:Ins:T:2	0.03109038834379924	0.7781008553782328	0.12163090839990041	0.0001733705409130713	0.06900447733715448
X02e5c36f.5bec.45e2.a048.875653b85ca1..Panc.AdenoCA..DO34616	1:Ins:T:3	0.024801048651937503	0.793324928440079	0.12048093367284875	0.003363487457879167	0.058029601777255635
X02e5c36f.5bec.45e2.a048.875653b85ca1..Panc.AdenoCA..DO34616	1:Ins:T:4	0.04329538437127305	0.8899256476479132	0.01673781842827773	0.007825433289531556	0.042215716263004445
X02e5c36f.5bec.45e2.a048.875653b85ca1..Panc.AdenoCA..DO34616	1:Ins:T:5	0.042716799714221265	0.8797293390926689	0.05250606614673197	0.0052953337390975845	0.01975246130728024
X02e5c36f.5bec.45e2.a048.875653b85ca1..Panc.AdenoCA..DO34616	2:Del:R:0	0.02735363224778087	0.030780762773830246	0.9065398028141427	0.0353257385128536	6.365139259130424e-08
X02e5c36f.5bec.45e2.a048.875653b85ca1..Panc.AdenoCA..DO34616	2:Del:R:1	0.04742707725714494	0.056319123320486476	0.8685166598400995	0.020968501022061027	0.006768638560208032
X02e5c36f.5bec.45e2.a048.875653b85ca1..Panc.AdenoCA..DO34616	2:Del:R:2	0.043477684898982696	0.049365382475046446	0.8858073917748828	0.019309421960546008	0.002040118890542232
X02e5c36f.5bec.45e2.a048.875653b85ca1..Panc.AdenoCA..DO34616	2:Del:R:3	0.3905137182013422	0.044736709904829364	0.5372172673090307	0.02753160281748074	7.017673168323472e-07
X02e5c36f.5bec.45e2.a048.875653b85ca1..Panc.AdenoCA..DO34616	2:Del:R:4	0.5373417800935159	0.006240861047542164	0.43250551076586347	0.02390921101885622	2.6370742222516408e-06
X02e5c36f.5bec.45e2.a048.875653b85ca1..Panc.AdenoCA..DO34616	2:Del:R:5	0.10016537223250499	0.0	0.8917537126595697	0.008080707671324669	2.0743660061593185e-07
X02e5c36f.5bec.45e2.a048.875653b85ca1..Panc.AdenoCA..DO34616	3:Del:R:0	0.007370711504196839	0.12122528956105715	0.7664029177363859	0.10310605421842571	0.0018950269799343736
X02e5c36f.5bec.45e2.a048.875653b85ca1..Panc.AdenoCA..DO34616	3:Del:R:1	0.03226420850087537	0.03672831908796107	0.9137970310468361	0.01520237552065521	0.0020080658436722886
X02e5c36f.5bec.45e2.a048.875653b85ca1..Panc.AdenoCA..DO34616	3:Del:R:2	0.030578578018874692	0.0544573247087412	0.9056042695322691	0.007758206390238803	0.0016016213498762663
X02e5c36f.5bec.45e2.a048.875653b85ca1..Panc.AdenoCA..DO34616	3:Del:R:3	0.042173185991931886	0.11228135385710251	0.8186991334553347	0.0016810200769499333	0.025165306618680956
X02e5c36f.5bec.45e2.a048.875653b85ca1..Panc.AdenoCA..DO34616	3:Del:R:4	0.009660148957276545	8.600850960907343e-05	0.9820686843430687	0.00818454713330728	6.110567384683839e-07
X02e5c36f.5bec.45e2.a048.875653b85ca1..Panc.AdenoCA..DO34616	3:Del:R:5	0.013074241955914317	0.02987042595512994	0.9570549386841776	0.0	3.934047780606371e-07
X02e5c36f.5bec.45e2.a048.875653b85ca1..Panc.AdenoCA..DO34616	4:Del:R:0	0.0008607456430241587	0.011120103964977531	0.8920218172053467	0.09599699306522501	3.4012142658350976e-07
X02e5c36f.5bec.45e2.a048.875653b85ca1..Panc.AdenoCA..DO34616	4:Del:R:1	0.016731615682047115	0.08760920034796547	0.8777146585359656	0.015359663560381171	0.002584861873640702
X02e5c36f.5bec.45e2.a048.875653b85ca1..Panc.AdenoCA..DO34616	4:Del:R:2	0.026441587318975134	0.008937443583954891	0.9500214138381295	0.014598700757203395	8.545017369538401e-07
X02e5c36f.5bec.45e2.a048.875653b85ca1..Panc.AdenoCA..DO34616	4:Del:R:3	0.0153158547029325	0.05723409349650136	0.8985041479771011	0.028945206719423872	6.971040412220587e-07
X02e5c36f.5bec.45e2.a048.875653b85ca1..Panc.AdenoCA..DO34616	4:Del:R:4	0.011795921125162876	0.014361979727590936	0.9613475632197032	0.012493342347738131	1.193579804788025e-06
X02e5c36f.5bec.45e2.a048.875653b85ca1..Panc.AdenoCA..DO34616	4:Del:R:5	0.06115490151281748	0.14564159603711174	0.783318932800723	0.009883411617484102	1.1580318636903025e-06
X02e5c36f.5bec.45e2.a048.875653b85ca1..Panc.AdenoCA..DO34616	5:Del:R:0	0.0009676770182803086	0.03252937754569564	0.7519647179193217	0.21003555664072293	0.004502670875979349
X02e5c36f.5bec.45e2.a048.875653b85ca1..Panc.AdenoCA..DO34616	5:Del:R:1	0.014483439219865741	0.35050163123608435	0.5325159403254108	0.09275130294278203	0.009747686275856976
X02e5c36f.5bec.45e2.a048.875653b85ca1..Panc.AdenoCA..DO34616	5:Del:R:2	0.01821534073317321	0.2993417709087422	0.6388905560647067	0.04355180676814256	5.255252354315813e-07
X02e5c36f.5bec.45e2.a048.875653b85ca1..Panc.AdenoCA..DO34616	5:Del:R:3	0.03832029105589221	0.08452798041056217	0.8562717440929849	0.020875152631291114	4.831809269760097e-06
X02e5c36f.5bec.45e2.a048.875653b85ca1..Panc.AdenoCA..DO34616	5:Del:R:4	0.3121210748783443	0.3496656587811825	0.17855508664473807	0.1596392527128022	1.8926982932992857e-05
X02e5c36f.5bec.45e2.a048.875653b85ca1..Panc.AdenoCA..DO34616	5:Del:R:5	0.004911742567776984	0.28720987338421156	0.673640453003891	0.034234789349785494	3.141694335098292e-06
X02e5c36f.5bec.45e2.a048.875653b85ca1..Panc.AdenoCA..DO34616	2:Ins:R:0	0.0680123916059028	0.7281851647769927	0.18305814073763768	0.014738696516253593	0.006005606363213226
X02e5c36f.5bec.45e2.a048.875653b85ca1..Panc.AdenoCA..DO34616	2:Ins:R:1	0.024569403660975132	0.7124330097524899	0.24625476908963242	0.010282032024119425	0.006460785472783028
X02e5c36f.5bec.45e2.a048.875653b85ca1..Panc.AdenoCA..DO34616	2:Ins:R:2	0.30277443358656997	0.6828499469865333	1.1115698308626709e-05	0.014354729978996896	9.773749591077819e-06
X02e5c36f.5bec.45e2.a048.875653b85ca1..Panc.AdenoCA..DO34616	2:Ins:R:3	0.3428751513166113	0.36899283885059403	0.28811481473749523	0.0	1.7195095299321234e-05
X02e5c36f.5bec.45e2.a048.875653b85ca1..Panc.AdenoCA..DO34616	2:Ins:R:4	0.28505312484888085	0.6748484821907155	0.030574514347096182	0.009488809120222281	3.506949308512645e-05
X02e5c36f.5bec.45e2.a048.875653b85ca1..Panc.AdenoCA..DO34616	2:Ins:R:5	0.03420659677402766	0.8449861233792624	0.12078585244674778	0.0	2.1427399962131563e-05
X02e5c36f.5bec.45e2.a048.875653b85ca1..Panc.AdenoCA..DO34616	3:Ins:R:0	0.02270580200375847	0.40270973203706734	0.5435783235210657	0.023445604837710944	0.00756053760039754
X02e5c36f.5bec.45e2.a048.875653b85ca1..Panc.AdenoCA..DO34616	3:Ins:R:1	0.05489502584369502	0.4966732870059549	0.43811851549823455	0.010310168677805074	3.0029743103253518e-06
X02e5c36f.5bec.45e2.a048.875653b85ca1..Panc.AdenoCA..DO34616	3:Ins:R:2	0.06341658689951007	0.559670537759324	0.3768346103431573	0.0	7.826499800862177e-05
X02e5c36f.5bec.45e2.a048.875653b85ca1..Panc.AdenoCA..DO34616	3:Ins:R:3	0.3902144333012136	0.4162729585427779	0.004360895189443773	3.94027130679088e-05	0.1891123102534967
X02e5c36f.5bec.45e2.a048.875653b85ca1..Panc.AdenoCA..DO34616	3:Ins:R:4	0.0018780601359460975	0.048845936464849034	0.9351456400378142	0.007275025293037518	0.006855338068353058
X02e5c36f.5bec.45e2.a048.875653b85ca1..Panc.AdenoCA..DO34616	3:Ins:R:5	0.0018780599909355468	0.0488459011526541	0.9351456742486052	0.007275026422930934	0.006855338184874314
X02e5c36f.5bec.45e2.a048.875653b85ca1..Panc.AdenoCA..DO34616	4:Ins:R:0	0.0059980210724571055	0.5082635586735805	0.45405400543230884	0.02591621128155157	0.005768203540101921
X02e5c36f.5bec.45e2.a048.875653b85ca1..Panc.AdenoCA..DO34616	4:Ins:R:1	0.02251314856143649	0.011655574794825943	0.8835677321612037	0.08225542326725438	8.121215279570197e-06
X02e5c36f.5bec.45e2.a048.875653b85ca1..Panc.AdenoCA..DO34616	4:Ins:R:2	0.0002615596970380755	0.992004507477334	0.007543586104264394	4.7831529421284905e-05	0.00014251519194216427
X02e5c36f.5bec.45e2.a048.875653b85ca1..Panc.AdenoCA..DO34616	4:Ins:R:3	4.489780406790621e-05	0.9815236509738064	0.017390794161752227	0.00012464903448456465	0.0009160080258888742
X02e5c36f.5bec.45e2.a048.875653b85ca1..Panc.AdenoCA..DO34616	4:Ins:R:4	3.791206816500921e-05	0.00034995953286541754	0.018842027185651995	0.9803915610198981	0.0003785401934194043
X02e5c36f.5bec.45e2.a048.875653b85ca1..Panc.AdenoCA..DO34616	4:Ins:R:5	0.0018780603404930348	0.04884593795850376	0.9351456370883059	0.007275026218881077	0.006855338393816224
X02e5c36f.5bec.45e2.a048.875653b85ca1..Panc.AdenoCA..DO34616	5:Ins:R:0	2.6159017894760162e-05	0.2681134152091112	0.6770983493732515	0.043868417775583035	0.01089365862415947
