Sample Names	MutationType	ID83A	ID83B	ID83C	ID83D	ID83E	ID83F
V1	1:Del:C:0	0.1080550737467194	0.004311235905264973	0.026020360952602503	0.8013056315472072	0.0	0.06030769784820582
V1	1:Del:C:1	0.3763496143555689	0.011522401326740971	0.0	0.43437250320927395	0.009669999162280549	0.1680854819461358
V1	1:Del:C:2	0.32094302197124225	0.00805401454125575	0.04516204302550249	0.0612252881215128	0.25678541343350997	0.3078302189069767
V1	1:Del:C:3	0.02973393947800667	0.043263048060873506	0.02410581987060953	0.3542635586480233	0.21443875509471635	0.33419487884777066
V1	1:Del:C:4	0.2249982003887634	0.00141052352151694	0.129292770914678	0.4352097098348812	0.19993423154486795	0.009154563795292605
V1	1:Del:C:5	0.0	0.016062820177653984	0.8169136181675563	0.011695308304235059	0.024413191586853674	0.1309150617637011
V1	1:Del:T:0	0.17983786820709646	0.0	0.10307011255393865	0.4525928758112976	0.12405884198387598	0.14044030144379138
V1	1:Del:T:1	0.16477521249755064	0.005746111788883871	0.022183178809554466	0.5011553805403186	0.21645372126621695	0.08968639509747561
V1	1:Del:T:2	0.10874273276694893	0.007727536467036005	0.1309835619155287	0.7146529479360855	0.005289865293617041	0.032603355620783765
V1	1:Del:T:3	0.13851513745588412	0.05216215086127323	0.07881099216314381	0.5814339671916912	0.10518216275575519	0.04389558957225265
V1	1:Del:T:4	0.03673007293584289	0.035644613271656606	0.33136473539725053	0.4708683836591201	0.1253921947361299	0.0
V1	1:Del:T:5	0.00033736410462157463	7.399555222446381e-07	0.9968536556941845	0.0008622842094421943	1.226615888112767e-08	0.001945943770070622
V1	1:Ins:C:0	0.011915987764122591	2.097200477842783e-05	0.00032959397745269164	5.087206743730672e-06	0.00012574702141915971	0.9876026120254834
V1	1:Ins:C:1	0.999999387970541	9.103416550187113e-08	4.157905304783705e-08	5.0332461835374394e-08	2.529672606685909e-07	1.7611651794584337e-07
V1	1:Ins:C:2	0.26057104465478065	7.764519635164095e-05	0.5751281333102051	0.11113326187874459	0.0	0.05308991495991806
V1	1:Ins:C:3	5.174124463318356e-06	0.2248950168410233	0.07940121878276674	0.028718445469121577	0.5918238056690716	0.07515633911355353
V1	1:Ins:C:4	0.0497130764196662	0.011796062170048914	0.0733805934478013	0.0	0.8651102679624836	0.0
V1	1:Ins:C:5	1.502247148459046e-05	0.4331316568460531	0.4774672038371651	0.04699407632238598	0.03688347153000029	0.005508568992910927
V1	1:Ins:T:0	0.16029483872349176	0.11728458410184318	0.037747407732378856	0.4511285031896433	0.1643634535725087	0.06918121268013422
V1	1:Ins:T:1	0.0	4.621579853845258e-06	8.114249088190774e-07	0.5425481030113046	0.29639748621528256	0.1610489777686502
V1	1:Ins:T:2	0.0	0.06371457077156326	0.5223227730996639	0.3179355207641844	0.0	0.0960271353645885
V1	1:Ins:T:3	0.01186218591746062	0.1718298814992974	0.42695095587215415	0.164595281596235	0.16887678413261267	0.05588491098224023
V1	1:Ins:T:4	0.1672768063620077	0.48299348940425374	0.20418185345650958	0.021446207947400004	0.09458716272290583	0.029514480106923233
V1	1:Ins:T:5	9.460439546533253e-07	0.9954903280162571	0.002130342116000083	0.0008374977898547323	0.0015371447779686492	3.741255964763657e-06
V1	2:Del:R:0	0.011562396032273851	0.0	0.12418023763638746	0.19028568486520386	0.6397427526993786	0.03422892876675629
V1	2:Del:R:1	0.3364028677774702	0.012123767086342312	0.0559049322410533	0.12053372581519937	0.17688816012842812	0.29814654695150666
V1	2:Del:R:2	0.0	0.14498919976879418	0.2089022323119319	0.11071377030318236	0.44474104188924346	0.09065375572684817
V1	2:Del:R:3	0.08679622294137392	0.040875426403886424	0.7068802256597762	0.16543076021997766	0.0	1.7364774985953468e-05
V1	2:Del:R:4	0.13907564539049402	1.3493538179982974e-05	0.21994253750797405	1.7175356457886914e-05	0.00012803199860408614	0.6408231162082899
V1	2:Del:R:5	0.9943756072097014	0.003849288950604145	0.0	0.0017749689396113209	0.0	1.349000829943757e-07
V1	3:Del:R:0	0.0	0.041273518731620114	0.002555511255004712	0.07657257068607325	0.5572167785835171	0.3223816207437849
V1	3:Del:R:1	0.0431566849887232	0.06068660402256115	0.2638441564922325	0.27513522796613915	0.3349554750282495	0.022221851502094478
V1	3:Del:R:2	0.427290900219472	0.0097507230184105	0.2625325952654391	0.1954980785834443	0.013548660554335212	0.09137904235889892
V1	3:Del:R:3	3.682118227922433e-07	2.8020524905897095e-08	7.227791107578748e-09	5.994059307002345e-08	0.9999993388958438	1.9770342435771843e-07
V1	3:Del:R:4	0.3920508435810091	0.04327831253806665	0.08024877809707379	0.05147890781947338	0.32279506070959674	0.11014809725478027
V1	3:Del:R:5	0.0002760521530921804	5.333739882182942e-05	5.416153979099188e-05	5.6254410531921866e-05	0.9971340350820388	0.0024261594157244087
V1	4:Del:R:0	0.1482035796003819	0.033613598849614644	0.15625593533793977	0.16303493928681093	0.009894018730429829	0.4889979281948228
V1	4:Del:R:1	0.6506353791085486	0.0034888093377614237	0.08712901359228023	0.21116527336786245	0.0	0.04758152459354719
V1	4:Del:R:2	0.9907646655922139	0.0	0.0022925685710734416	0.006941866613200481	0.0	8.992235121914538e-07
V1	4:Del:R:3	0.3920508435810091	0.04327831253806665	0.08024877809707379	0.05147890781947338	0.32279506070959674	0.11014809725478027
V1	4:Del:R:4	0.3920508435810091	0.04327831253806665	0.08024877809707379	0.05147890781947338	0.32279506070959674	0.11014809725478027
V1	4:Del:R:5	0.00420805971480519	0.00048081043668927065	0.0030872355348829515	0.984839389926127	0.005381453345878056	0.0020030510416176464
V1	5:Del:R:0	0.020606994813145672	1.4871501141175251e-07	3.9284672454357683e-07	1.2962642273049248e-06	0.0026281301393935217	0.9767630372214976
V1	5:Del:R:1	0.014929947675735054	3.342448535719692e-08	0.07011271170372979	0.00016727185882622883	0.8991220379249382	0.01566799741228541
V1	5:Del:R:2	0.28873066953168147	0.007292914487285443	0.07163155228491343	5.627671969572123e-06	0.3344396388702675	0.29789959715388264
V1	5:Del:R:3	0.0005722615412996015	5.235000012399572e-05	0.00012931229973491655	0.00010132070337456137	0.9990167243805637	0.00012803107490338218
V1	5:Del:R:4	0.003846315076767347	0.040057575555153255	0.9515390126128045	0.0004780301444391464	0.003011615686822056	0.001067450924013663
V1	5:Del:R:5	0.3920508435810091	0.04327831253806665	0.08024877809707379	0.05147890781947338	0.32279506070959674	0.11014809725478027
V1	2:Ins:R:0	0.0	0.0	0.4119798216868216	0.04387897196052218	1.5415981998294682e-05	0.5441257903706579
V1	2:Ins:R:1	0.12263049448629668	0.048541279927895274	0.26071223912678115	0.032566771037222	0.0	0.535549215421805
V1	2:Ins:R:2	2.664371557332054e-05	0.04485534363467315	0.6676834847142394	0.28742568447329564	0.0	8.843462218476135e-06
V1	2:Ins:R:3	0.23859735696344853	0.029578540307101792	0.25522149806708894	0.003852455428483245	0.18595753805652857	0.286792611177349
V1	2:Ins:R:4	0.08944378758735473	0.23116234356961948	0.291993052200589	0.06866062239274996	0.30005691163617615	0.01868328261351065
V1	2:Ins:R:5	0.018678479685280906	0.3170626888943541	0.5161329486169897	0.028596304748819135	0.09658668708600342	0.022942890968552804
V1	3:Ins:R:0	6.345608807849392e-05	0.1968440643710505	2.909684729089967e-05	1.9893825987816136e-05	0.00018224036323478867	0.8028612485043574
V1	3:Ins:R:1	0.0	2.9717826887151677e-06	0.4938439181784885	0.48395734708347005	4.267467848153893e-05	0.022153088276871135
V1	3:Ins:R:2	0.00035431631969694093	0.06609250289287084	0.7566567759420365	0.056436753944859384	0.00026083431330622877	0.1201988165872301
V1	3:Ins:R:3	0.3920508435810091	0.04327831253806665	0.08024877809707379	0.05147890781947338	0.32279506070959674	0.11014809725478027
V1	3:Ins:R:4	0.00046141801467513817	0.00013645174743674368	0.9569639590399177	3.6159047515846086e-05	0.0002101968004530869	0.042191815350001556
V1	3:Ins:R:5	8.468452562601109e-05	0.04647432011804329	0.8657803963373162	4.506135061966646e-06	0.087648399338951	7.693545001565523e-06
V1	4:Ins:R:0	0.4104359459211044	9.100465132686823e-07	0.4448302694049385	0.04622553407856936	1.8928896919541902e-05	0.09848841165195499
V1	4:Ins:R:1	0.4023168389697959	0.021617930482370006	0.27282589490291626	0.028125304314496852	0.07952613683256601	0.19558789449785496
V1	4:Ins:R:2	0.11405237081925369	0.006457836481928614	0.025052206593272775	1.205967014913918e-06	0.8544339664502468	2.413688283099866e-06
V1	4:Ins:R:3	0.3920508435810091	0.04327831253806665	0.08024877809707379	0.05147890781947338	0.32279506070959674	0.11014809725478027
V1	4:Ins:R:4	2.71603743341524e-05	2.3976911717220355e-07	0.4070266090468066	0.13949821606672458	0.36734919460860843	0.08609858013440909
V1	4:Ins:R:5	0.0	0.0936550428489168	0.6206333520211892	0.015820259456190675	0.11373179791116014	0.15615954776254312
V1	5:Ins:R:0	0.7360145050964565	0.09380431456729861	0.16990512362351068	3.810745351376119e-05	0.000125930351316287	0.00011201890790421447
V1	5:Ins:R:1	0.2588780527171376	0.04038458140586397	0.011398159940484055	0.04859157905407445	0.06358358654227272	0.5771640403401672
V1	5:Ins:R:2	0.3920508435810091	0.04327831253806665	0.08024877809707379	0.05147890781947338	0.32279506070959674	0.11014809725478027
V1	5:Ins:R:3	0.9698568960261177	0.00022924004777572833	0.0010940395911544342	0.013050903517315464	0.011604671072914775	0.004164249744722021
V1	5:Ins:R:4	0.0012125665176774586	0.2826908849201405	0.004402020197910338	0.39201004933449385	0.31907483583327056	0.0006096431965071856
V1	5:Ins:R:5	0.3920508435810091	0.04327831253806665	0.08024877809707379	0.05147890781947338	0.32279506070959674	0.11014809725478027
V1	2:Del:M:1	0.7657673144921741	0.01856716350704385	0.009161059417796828	0.03488437690324933	0.021331204281756742	0.15028888139797908
V1	3:Del:M:1	0.21107123130730734	0.018470143899636922	0.02151574374305031	0.15368658586415987	0.0	0.5952562951858454
V1	3:Del:M:2	0.05223130966874807	0.04109425766072336	0.44463505675668835	0.07585416103848562	0.0	0.38618521487535473
V1	4:Del:M:1	0.3242251790128491	0.0	0.09999353807939468	0.10032033649894742	0.09116799209829299	0.38429295431051586
V1	4:Del:M:2	0.5403039720718685	0.03262776056677522	1.1521424853126039e-06	0.3957705530790907	0.0015544566265631346	0.02974210551321692
V1	4:Del:M:3	1.139336125459843e-05	1.5207144438242603e-06	0.0681816969234094	0.4401429427578698	0.060363208910885806	0.4312992373321365
V1	5:Del:M:1	6.916434025081754e-07	6.216087138692867e-07	0.0018940209768835052	1.2707968582249553e-07	0.007743211494503441	0.9903613271968108
V1	5:Del:M:2	0.00016969065813089284	0.002464755164782367	0.016379045632255822	0.0005571785927913247	0.02934088319641605	0.9510884467556237
V1	5:Del:M:3	0.03251794648417229	0.001208547818234975	0.04262940603703024	0.019167937782827302	0.027586814324080007	0.8768893475536552
V1	5:Del:M:4	0.177227385681492	0.0	0.02836876716680932	0.021356365510715146	5.140454073164029e-06	0.7730423411869104
V1	5:Del:M:5	0.0	0.11794161318408294	0.2512148715323694	0.0028895313221419727	0.047233540933976796	0.5807204430274291
V2	1:Del:C:0	0.0	0.0	0.006309898291642252	0.621809303235183	0.0	0.37188079847317473
V2	1:Del:C:1	0.0	0.0	0.0	0.24506011886026002	0.001389138951205626	0.7535507421885344
V2	1:Del:C:2	0.0	0.0	0.005455671981539118	0.02366766897786813	0.025275743385437886	0.9456009156551549
V2	1:Del:C:3	0.0	0.0	0.002452127044086182	0.1153181109037219	0.017773921350526106	0.8644558407016658
V2	1:Del:C:4	0.0	0.0	0.06742213114712474	0.7262343513971872	0.08495213685343313	0.1213913806022551
V2	1:Del:C:5	0.0	0.0	0.1943545226151485	0.008903897838913459	0.004732623884300464	0.7920089556616375
V2	1:Del:T:0	0.0	0.0	0.01973144094184581	0.2772577812439233	0.019351413422057394	0.6836593643921735
V2	1:Del:T:1	0.0	0.0	0.005433262332289331	0.3927889578084902	0.043197724245282405	0.558580055613938
V2	1:Del:T:2	0.0	0.0	0.04028726313233175	0.7033899140501979	0.0013257282120669861	0.25499709460540343
V2	1:Del:T:3	0.0	0.0	0.025088608692771096	0.5922978562527849	0.027282916642759978	0.3553306184116841
V2	1:Del:T:4	0.0	0.0	0.1707788367534598	0.7765640333828097	0.05265712986373052	0.0
V2	1:Del:T:5	0.0	0.0	0.9502029249370828	0.0026301793793182975	9.526918708095506e-09	0.04716688615668033
V2	1:Ins:C:0	0.0	0.0	1.3124033251990764e-05	6.482125284494299e-07	4.0798545273643694e-06	0.9999821478996922
V2	1:Ins:C:1	0.0	0.0	0.008507822187008341	0.032956566666360855	0.04217616086049865	0.9163594502861321
V2	1:Ins:C:2	0.0	0.0	0.25216564963347365	0.1559248566958229	0.0	0.5919094936707034
V2	1:Ins:C:3	0.0	0.0	0.030959921088893637	0.035833034067741	0.1880286480086305	0.7451783968347347
V2	1:Ins:C:4	0.0	0.0	0.0942849589661541	0.0	0.9057150410338459	0.0
V2	1:Ins:C:5	0.0	0.0	0.5983474594763053	0.18845297655266707	0.037661760097652486	0.17553780387337523
V2	1:Ins:T:0	0.0	0.0	0.011186194291954636	0.42780462154930615	0.03968801706004896	0.5213211670986903
V2	1:Ins:T:1	0.0	0.0	1.336138705420939e-07	0.28588504478271876	0.0397682648222959	0.6743465567811148
V2	1:Ins:T:2	0.0	0.0	0.131185810447134	0.25552707932754215	0.0	0.6132871102253238
V2	1:Ins:T:3	0.0	0.0	0.16994205051455794	0.20964775855228532	0.0547711337516466	0.5656390571815101
V2	1:Ins:T:4	0.0	0.0	0.18555377489537744	0.062366754333399006	0.07003961776317909	0.6820398530080445
V2	1:Ins:T:5	0.0	0.0	0.3459494292144408	0.4352080431664736	0.20339344663824874	0.01544908098083692
V2	2:Del:R:0	0.0	0.0	0.05844438546769853	0.28658034809849986	0.24533222704201965	0.40964303939178187
V2	2:Del:R:1	0.0	0.0	0.006845067694842573	0.047226545760025475	0.01764758585630037	0.9282808006888317
V2	2:Del:R:2	0.0	0.0	0.06466033166510168	0.1096595517008463	0.11216593293045553	0.7135141837035964
V2	2:Del:R:3	0.0	0.0	0.5715857524330311	0.42805719950147386	0.0	0.000357048065494994
V2	2:Del:R:4	0.0	0.0	0.013317487122150164	3.3278886900241186e-06	6.316703556090224e-06	0.9866728682856037
V2	2:Del:R:5	0.0	0.0	0.0	0.9993964250115775	0.0	0.0006035749884224593
V2	3:Del:R:0	0.0	0.0	0.0002871580267444196	0.027533813605897607	0.05101833300201792	0.9211606953653401
V2	3:Del:R:1	0.0	0.0	0.13310179220432058	0.44415300216864856	0.13768366591124773	0.2850615397157831
V2	3:Del:R:2	0.0	0.0	0.08146090989233185	0.19411473197081014	0.0034254789553495677	0.7209988791815084
V2	3:Del:R:3	0.0	0.0	8.870419872726748e-09	2.3540170214110254e-07	0.9999935858759874	6.169851890616532e-06
V2	3:Del:R:4	0.0	0.0	0.02425234315631053	0.04978454919235097	0.07948790917666794	0.8464751984746705
V2	3:Del:R:5	0.0	0.0	6.194084345044135e-05	0.0002058698123931351	0.929177252385328	0.07055493695882843
V2	4:Del:R:0	0.0	0.0	0.01190925348604832	0.039762957659942505	0.000614440255681332	0.9477133485983279
V2	4:Del:R:1	0.0	0.0	0.04416541961448056	0.34252481543987395	0.0	0.6133097649456456
V2	4:Del:R:2	0.0	0.0	0.09346204355468822	0.9056057704917323	0.0	0.0009321859535794773
V2	4:Del:R:3	0.0	0.0	0.02425234315631053	0.04978454919235097	0.07948790917666794	0.8464751984746705
V2	4:Del:R:4	0.0	0.0	0.02425234315631053	0.04978454919235097	0.07948790917666794	0.8464751984746705
V2	4:Del:R:5	0.0	0.0	0.0009617877085862107	0.9818041125374941	0.001366054273836519	0.015868045480083182
V2	5:Del:R:0	0.0	0.0	1.5815190810268777e-08	1.6699167234077993e-07	8.620988842256964e-05	0.9999136073047142
V2	5:Del:R:1	0.0	0.0	0.05834554051157392	0.0004454344111216719	0.6096610677422248	0.3315479573350797
V2	5:Del:R:2	0.0	0.0	0.009045167811494241	2.274002926547466e-06	0.034410337198493894	0.9565422209870853
V2	5:Del:R:3	0.0	0.0	0.00015813708221702	0.000396498967109541	0.99546400586591	0.003981358084763357
V2	5:Del:R:4	0.0	0.0	0.9683235749676321	0.0015566793660205757	0.0024971945235080974	0.02762255114283921
V2	5:Del:R:5	0.0	0.0	0.02425234315631053	0.04978454919235097	0.07948790917666794	0.8464751984746705
V2	2:Ins:R:0	0.0	0.0	0.02863208537724845	0.009758508783623755	8.729857331653827e-07	0.9616085328533945
V2	2:Ins:R:1	0.0	0.0	0.018644706561416435	0.007452788765735751	0.0	0.9739025046728479
V2	2:Ins:R:2	0.0	0.0	0.42054284122406016	0.5793155194349152	0.0	0.0001416393410246085
V2	2:Ins:R:3	0.0	0.0	0.03309494630569287	0.0015985713619433544	0.01964794491031153	0.9456585374220523
V2	2:Ins:R:4	0.0	0.0	0.2371445820563556	0.17844254283006633	0.19856524718905397	0.38584762792452404
V2	2:Ins:R:5	0.0	0.0	0.40648508822071017	0.07206807619475387	0.06198109161305983	0.4594657439714761
V2	3:Ins:R:0	0.0	0.0	1.4252083037267592e-06	3.1181765592423775e-06	7.2733736406835266e-06	0.9999881832414964
V2	3:Ins:R:1	0.0	0.0	0.18951257478460476	0.5942995318521115	1.3343737714732281e-05	0.21617454962556898
V2	3:Ins:R:2	0.0	0.0	0.18945068541139712	0.0452177824649713	5.321338610741498e-05	0.765278318737524
V2	3:Ins:R:3	0.0	0.0	0.02425234315631053	0.04978454919235097	0.07948790917666794	0.8464751984746705
V2	3:Ins:R:4	0.0	0.0	0.47138097169642357	5.6995875065512495e-05	8.436483923200981e-05	0.5284776675892789
V2	3:Ins:R:5	0.0	0.0	0.9235900533386273	1.5382456021741933e-05	0.0761858654015269	0.0002086988038238089
V2	4:Ins:R:0	0.0	0.0	0.14362396187188844	0.04776001851053469	4.979856100228129e-06	0.8086110397614766
V2	4:Ins:R:1	0.0	0.0	0.050512587532600746	0.016663308550796885	0.011997280982669492	0.9208268229339329
V2	4:Ins:R:2	0.0	0.0	0.0347309183108149	5.350023500669641e-06	0.9651786426643331	8.508900135134441e-05
V2	4:Ins:R:3	0.0	0.0	0.02425234315631053	0.04978454919235097	0.07948790917666794	0.8464751984746705
V2	4:Ins:R:4	0.0	0.0	0.12178744930499992	0.13356675196955844	0.08956075409352877	0.6550850446319129
V2	4:Ins:R:5	0.0	0.0	0.13107792268996862	0.010691977099486633	0.01957200243671623	0.8386580977738285
V2	5:Ins:R:0	0.0	0.0	0.9822345514586889	0.0007049667571841038	0.0005931957939664723	0.01646728599016053
V2	5:Ins:R:1	0.0	0.0	0.0007652258968407896	0.010439168386397678	0.0034782344349305705	0.985317371281831
V2	5:Ins:R:2	0.0	0.0	0.02425234315631053	0.04978454919235097	0.07948790917666794	0.8464751984746705
V2	5:Ins:R:3	0.0	0.0	0.0069153938832331304	0.26398207621448067	0.05976895115148433	0.6693335787508018
V2	5:Ins:R:4	0.0	0.0	0.0028690301484157027	0.8175800015140214	0.1694472606085298	0.010103707729033013
V2	5:Ins:R:5	0.0	0.0	0.02425234315631053	0.04978454919235097	0.07948790917666794	0.8464751984746705
V2	2:Del:M:1	0.0	0.0	0.0023135135824467554	0.028190793610293894	0.00438935437515595	0.9651063384321033
V2	3:Del:M:1	0.0	0.0	0.0013748228376604162	0.031425074492269514	0.0	0.9672001026700701
V2	3:Del:M:2	0.0	0.0	0.04231594323366987	0.02310094320285636	0.0	0.9345831135634737
V2	4:Del:M:1	0.0	0.0	0.009739006324244046	0.03126667295921582	0.007235091353824172	0.951759229362716
V2	4:Del:M:2	0.0	0.0	5.692311418843167e-07	0.6257140635997589	0.0006257775598333518	0.3736595896092658
V2	4:Del:M:3	0.0	0.0	0.005457527607955871	0.11273839730900728	0.003936945211607627	0.8778671298714292
V2	5:Del:M:1	0.0	0.0	7.518439293717591e-05	1.6142434154337714e-08	0.00025045110433936837	0.9996743483602892
V2	5:Del:M:2	0.0	0.0	0.0006760688514029505	7.359473311688682e-05	0.0009868120258237016	0.9982635243896564
V2	5:Del:M:3	0.0	0.0	0.0019010202306711215	0.0027352865277079368	0.0010023927700277186	0.9943613004715932
V2	5:Del:M:4	0.0	0.0	0.001436096913638377	0.003459557947358833	2.1203311124309164e-07	0.9951041331058915
V2	5:Del:M:5	0.0	0.0	0.016674469159012918	0.000613739473255347	0.0025545599107527845	0.9801572314569789
V3	1:Del:C:0	0.004514149283748533	0.012520494451528018	0.0015580854455117788	0.9788278472219764	0.0	0.0025794235972352855
V3	1:Del:C:1	0.026778670307900376	0.05699404358341769	0.0	0.9037269361599044	0.00025568511522019505	0.012244664833557321
V3	1:Del:C:2	0.10200411794326866	0.17794718247784766	0.020573612143221242	0.5689812735295579	0.030327847951990124	0.10016596595411448
V3	1:Del:C:3	0.0021464994065513057	0.21711227251188672	0.0024942927678695964	0.7477943316082957	0.005752585386069325	0.024700018319327506
V3	1:Del:C:4	0.016894834226783017	0.007362819646785629	0.01391542049146427	0.9555443189756345	0.005578835102035454	0.0007037715572970971
V3	1:Del:C:5	0.0	0.4027361993426223	0.42231184930437576	0.12333858835674226	0.0032720201264250367	0.04834134286983478
V3	1:Del:T:0	0.013077907499711255	0.0	0.010743284250114725	0.9623702681241465	0.0033524809224104286	0.010456059203617123
V3	1:Del:T:1	0.01068438268756384	0.0259012405235614	0.0020617145474581574	0.9501831404928468	0.005215597732893562	0.005953924015676247
V3	1:Del:T:2	0.004996110945322481	0.024680947812079655	0.008625729370524917	0.9600732930525019	9.031459122834596e-05	0.0015336042283427185
V3	1:Del:T:3	0.006607672584266963	0.17297992647347488	0.005388715726493322	0.8110152968423813	0.00186455350829953	0.002143834865084006
V3	1:Del:T:4	0.002185745468635589	0.14745538676553885	0.028263847733515406	0.8193221483245302	0.0027728717077798743	0.0
V3	1:Del:T:5	0.00023163963919418107	3.5319013351801386e-05	0.9810533261402069	0.01731178338279943	3.1297098033245368e-09	0.0013679286947377337
V3	1:Ins:C:0	0.011623553708593668	0.0014221249818489295	0.00046082427272167736	0.00014509940583881027	4.5581442128436655e-05	0.9863028161888684
V3	1:Ins:C:1	0.9999918660379667	6.328344136706648e-06	5.9596194419697356e-08	1.4717101138720575e-06	9.400317619418416e-08	1.8030841209437508e-07
V3	1:Ins:C:2	0.05929872987464456	0.0012283518073554368	0.18759922950803615	0.7395042375964151	0.0	0.012369451213548585
V3	1:Ins:C:3	3.0644474878769157e-07	0.9259426407061918	0.006740462267451309	0.04973402500683414	0.01302534452415146	0.004557221050622612
V3	1:Ins:C:4	0.03834719438307781	0.6325413884564347	0.08113184939964566	0.0	0.24797956776084173	0.0
V3	1:Ins:C:5	4.6671456950406606e-07	0.9354462458495355	0.021261833715687146	0.04269042283642306	0.00042581723710111055	0.0001752136466837171
V3	1:Ins:T:0	0.007390081655691965	0.3758889594115301	0.0024943881306766255	0.6081452711026455	0.002815894846102439	0.0032654048533532994
V3	1:Ins:T:1	0.0	1.9906299303111015e-05	7.206205869686455e-08	0.9829394063836019	0.006824441598318977	0.010216173656717417
V3	1:Ins:T:2	0.0	0.30394122092884784	0.051374554008208076	0.6379377791785819	0.0	0.006746445884362103
V3	1:Ins:T:3	0.0006777771185236283	0.682511237965762	0.034966113883016584	0.27499001594351624	0.003585697130083991	0.003269157959097537
V3	1:Ins:T:4	0.004816702793188856	0.9668171318710028	0.008427106141374817	0.018056850498328513	0.0010121101877758737	0.0008700985083291204
V3	1:Ins:T:5	1.3664977103649266e-08	0.9995938554107487	4.410564195882373e-05	0.0003537191977840082	8.250757905961224e-06	5.532662531352414e-08
V3	2:Del:R:0	0.0019186613207120404	0.0	0.029535897166535468	0.9232811432745225	0.03944912104430178	0.005815177193928171
V3	2:Del:R:1	0.06526111942067478	0.16350135394684728	0.015545051164552489	0.6837239280812462	0.012751905068255664	0.05921664231842356
V3	2:Del:R:2	0.0	0.7264817024461931	0.021581934480493694	0.2333345753690099	0.011912112159996479	0.00668967554430679
V3	2:Del:R:3	0.009887107197914672	0.3236828220372076	0.11541478580694894	0.5510132598100497	0.0	2.0251478790070457e-06
V3	2:Del:R:4	0.12507981049940387	0.0008436278577335584	0.28352578577064524	0.00045166793296139894	4.2789393645829854e-05	0.5900563185456102
V3	2:Del:R:5	0.7568320739109659	0.2036659930653488	0.0	0.039501827904872173	0.0	1.0511881311570737e-07
V3	3:Del:R:0	0.0	0.5079156721708722	0.0006484196645721393	0.39635265712488876	0.03665530522604916	0.05842794581361769
V3	3:Del:R:1	0.0033631451324012645	0.32876025326381264	0.02947081949305031	0.6269329563570765	0.009699873917441437	0.0017729518362179602
V3	3:Del:R:2	0.05856205095704409	0.09290057318912835	0.051573079776071416	0.7834521844810746	0.0006900339727266189	0.012822077623954872
V3	3:Del:R:3	9.908582634303063e-07	5.241782694328533e-06	2.787832006699164e-08	4.716417157093587e-06	0.9999884783763727	5.44687192270311e-07
V3	3:Del:R:4	0.07462511862576249	0.5726666605990318	0.02189415916957515	0.28651630017800017	0.022832370296380383	0.02146539113124996
V3	3:Del:R:5	0.0007288885628306672	0.009790182065742052	0.00020497844792973944	0.0043431411442968705	0.9783742497833013	0.00655855999589933
V3	4:Del:R:0	0.018571098008727152	0.2928079343833271	0.02806484269577556	0.5973611067516964	0.00046071578630757243	0.06273430237416615
V3	4:Del:R:1	0.08985140462885073	0.03349294770503148	0.01724634994152488	0.8526819370141575	0.0	0.006727360710435483
V3	4:Del:R:2	0.8276845121086486	0.0	0.002745135930535167	0.1695695828637792	0.0	7.690970369109285e-07
V3	4:Del:R:3	0.07462511862576249	0.5726666605990318	0.02189415916957515	0.28651630017800017	0.022832370296380383	0.02146539113124996
V3	4:Del:R:4	0.07462511862576249	0.5726666605990318	0.02189415916957515	0.28651630017800017	0.022832370296380383	0.02146539113124996
V3	4:Del:R:5	0.00014589630707255783	0.0011588446780942303	0.00015341907868504211	0.9984014057298192	6.933355382158121e-05	7.110065250744613e-05
V3	5:Del:R:0	0.020170273596423437	1.0119076416987485e-05	5.51147021446106e-07	3.709949788129841e-05	0.0009559286343261878	0.9788260280479306
V3	5:Del:R:1	0.03173361141768285	4.9387254323660815e-06	0.213601933218822	0.01039588496327333	0.7101683823906936	0.03409524928409593
V3	5:Del:R:2	0.21744745957700912	0.3818136767930057	0.07732376347971462	0.00012392746427650122	0.09359672284147352	0.22969444984452062
V3	5:Del:R:3	0.0015110011438688156	0.009608948359173693	0.0004893924545990797	0.007822504059457037	0.9802220514403392	0.0003461025425620727
V3	5:Del:R:4	0.0009226924437072046	0.6680142189971159	0.3271793659663735	0.003353086514525015	0.00026846837500309987	0.00026216770327533445
V3	5:Del:R:5	0.07462511862576249	0.5726666605990318	0.02189415916957515	0.28651630017800017	0.022832370296380383	0.02146539113124996
V3	2:Ins:R:0	0.0	0.0	0.24294469980533473	0.5278591994923374	2.356877192756762e-06	0.22919374382513522
V3	2:Ins:R:1	0.022830696889954427	0.6282331538096554	0.06957117033393069	0.17728531274928025	0.0	0.10207966621717923
V3	2:Ins:R:2	2.13498672313535e-06	0.24986390172784845	0.07668637777083576	0.673446860007137	0.0	7.255074554828969e-07
V3	2:Ins:R:3	0.076083682774283	0.6556794538398805	0.11665150653237699	0.03592037721309351	0.022035411347836268	0.09362956829252982
V3	2:Ins:R:4	0.004779034430139601	0.8586101260508823	0.022361951254955676	0.10726920994184293	0.005957651423307374	0.0010220268988721292
V3	2:Ins:R:5	0.000788282904580547	0.9301964154760708	0.03122118400400633	0.03528806694808618	0.0015147443126318628	0.00099130635462436
V3	3:Ins:R:0	4.374268331265511e-06	0.9432859987901779	2.874916667797576e-06	4.00984705825881e-05	4.668293731082771e-06	0.056661985260509376
V3	3:Ins:R:1	0.0	1.3882083295008628e-05	0.047564788337907254	0.950896203836054	1.065615164998505e-06	0.001524060127578771
V3	3:Ins:R:2	4.7541404770078665e-05	0.6164842592405859	0.14552143893885744	0.22142173472316276	1.3005500014281932e-05	0.016512020192609438
V3	3:Ins:R:3	0.07462511862576249	0.5726666605990318	0.02189415916957515	0.28651630017800017	0.022832370296380383	0.02146539113124996
V3	3:Ins:R:4	0.00032359156235519965	0.006652282497902021	0.9619343320884914	0.0007414758198653071	5.477851067185231e-05	0.030293539520714112
V3	3:Ins:R:5	1.880003933069564e-05	0.7172270876895726	0.27549241590097423	2.925070053898255e-05	0.007230697029769783	1.7486398136877854e-06
V3	4:Ins:R:0	0.16413733017674403	2.5299649545366986e-05	0.2549784687626119	0.5405318406551687	2.812993694789952e-06	0.0403242477622353
V3	4:Ins:R:1	0.12015359005739198	0.4488193749927991	0.11678883614361862	0.24560835689067675	0.008825918322426681	0.05980392359308681
V3	4:Ins:R:2	0.12445189272079386	0.4898613466695474	0.03918234044988662	3.8477778133625064e-05	0.3464632458995742	2.6964820642561975e-06
V3	4:Ins:R:3	0.07462511862576249	0.5726666605990318	0.02189415916957515	0.28651630017800017	0.022832370296380383	0.02146539113124996
V3	4:Ins:R:4	5.557639967644292e-06	3.410647541968467e-06	0.1193780994665437	0.8346428549749131	0.02793284854452456	0.018037228726509036
V3	4:Ins:R:5	0.0	0.8072756698086284	0.11030217302955868	0.057357831964102136	0.005240408454980466	0.019823916742730426
V3	5:Ins:R:0	0.09811192724778965	0.8692549797225891	0.03246303424455179	0.000148532923886833	6.238028076464584e-06	1.528783310598767e-05
V3	5:Ins:R:1	0.050582187690380996	0.5485382298682381	0.003192157588419148	0.2776136116584943	0.0046166704404317725	0.11545714275403583
V3	5:Ins:R:2	0.07462511862576249	0.5726666605990318	0.02189415916957515	0.28651630017800017	0.022832370296380383	0.02146539113124996
V3	5:Ins:R:3	0.7040472431109257	0.011568407380346871	0.0011383462560297442	0.2770206164821915	0.003130462141502197	0.003094924629004049
V3	5:Ins:R:4	3.881353299861936e-05	0.629040125004432	0.00020196533578479482	0.3669037689017755	0.0037953482823295565	1.997894267953517e-05
V3	5:Ins:R:5	0.07462511862576249	0.5726666605990318	0.02189415916957515	0.28651630017800017	0.022832370296380383	0.02146539113124996
V3	2:Del:M:1	0.2355164593494669	0.3969711448979629	0.004038474446780567	0.3137131885222627	0.0024379303276465688	0.047322802455880324
V3	3:Del:M:1	0.03184001657406392	0.1936883323697316	0.004652086758417406	0.6778874171165885	0.0	0.09193214718119858
V3	3:Del:M:2	0.008479613718730551	0.46378343436979275	0.10346561777702896	0.36008243002044127	0.0	0.06418890411400646
V3	4:Del:M:1	0.0846930757236904	0.0	0.037438660551036125	0.766244755135881	0.008849628361518863	0.1027738802278736
V3	4:Del:M:2	0.03749028995193311	0.157382646903507	1.1458665227594576e-07	0.8029740034995153	4.008120081329304e-05	0.0021128638575789596
V3	4:Del:M:3	8.482490110438467e-07	7.87060476919806e-06	0.007275896301508978	0.9581700793406622	0.0016700339099134736	0.032875271594135204
V3	5:Del:M:1	6.78360322233704e-07	4.238227182170572e-05	0.0026626260993300815	3.6444475128976815e-06	0.0028221545763438684	0.9944685142446692
V3	5:Del:M:2	0.0001418917376026564	0.14327218949187334	0.019630662963853452	0.013622943753334312	0.00911703941314968	0.8142152726401867
V3	5:Del:M:3	0.019754252402977113	0.05103760244426707	0.03711880353344607	0.34047893344126134	0.0062275972050996895	0.5453828109729487
V3	5:Del:M:4	0.1084756072047674	0.0	0.02488793835598929	0.38221345560601133	1.1691876484328241e-06	0.4844218296455836
V3	5:Del:M:5	0.0	0.8858348336007302	0.03890355573600353	0.009128544261675328	0.0018963946957372935	0.06423667170585375
V4	1:Del:C:0	0.09774624999408978	0.01746843309331199	0.33737698931985743	0.5194818050158614	0.0	0.02792652257687938
V4	1:Del:C:1	0.45389563402710814	0.062245039977894066	0.0	0.3754430426207909	0.00464339539706849	0.10377288797713839
V4	1:Del:C:2	0.24536226207101275	0.027579695137448502	0.49488080640430093	0.0335450058590134	0.07816185891686228	0.12047037161136216
V4	1:Del:C:3	0.027547333503643016	0.1795318269301085	0.3201077741858033	0.23521813371762545	0.07909974640632585	0.15849518525649395
V4	1:Del:C:4	0.09069938675080688	0.0025468470329518956	0.7470449771887132	0.12573062881081615	0.032089072469454985	0.0018890877472569727
V4	1:Del:C:5	0.0	0.006063296188999537	0.9867635541943727	0.0007063478765094407	0.0008191416776146148	0.005647660062503569
V4	1:Del:T:0	0.08552222647371653	0.0	0.7025509155268985	0.15424914719860192	0.02348931088840876	0.034188399912374184
V4	1:Del:T:1	0.1648205714122128	0.025744877423806434	0.31804642321212706	0.3592602251073907	0.08620437187851958	0.04592353096594343
V4	1:Del:T:2	0.04261495301535442	0.013564383404433339	0.7357423721589427	0.20071238233846686	0.0008253745700372269	0.006540534512765451
V4	1:Del:T:3	0.069857465744939	0.11783337107723343	0.5697044147874991	0.2101518385473545	0.02112041199743893	0.011332497845534984
V4	1:Del:T:4	0.006886893252252921	0.02993592557171086	0.8905433182032764	0.06327298110314933	0.009360881869610668	0.0
V4	1:Del:T:5	2.3608090044241094e-05	2.3193421421976437e-07	0.9998632074497743	4.3244374460651094e-05	3.417553065843218e-10	6.970780975098511e-05
V4	1:Ins:C:0	0.022812428907091644	0.00017983683484438048	0.009044153985672411	6.979721156139043e-06	9.584818348523698e-05	0.9678607523677502
V4	1:Ins:C:1	0.9999987693322065	4.0775694738940856e-07	5.959660583310943e-07	3.607157533339824e-08	1.0071838406897929e-07	9.015482841326114e-08
V4	1:Ins:C:2	0.030259394314542547	4.038739963027111e-05	0.9572952187657725	0.009249012009727654	0.0	0.003155987510326983
V4	1:Ins:C:3	2.1204389064037996e-06	0.4128249603450146	0.46640506961183736	0.008434649217926448	0.09656639599653355	0.015766804389781595
V4	1:Ins:C:4	0.033169024835333134	0.03525302096052298	0.7017630288125828	0.0	0.22981492539156112	0.0
V4	1:Ins:C:5	1.700343157984008e-06	0.21958988897854495	0.774615061258493	0.003812023005633066	0.0016621556138673155	0.0003191708003037713
V4	1:Ins:T:0	0.09709882707927964	0.318223757612574	0.3277394933554342	0.1958447426665865	0.039640981869918476	0.021452197416207318
V4	1:Ins:T:1	0.0	3.5127208373217855e-05	1.9735652484354202e-05	0.6597986271249754	0.20025121930582532	0.13989529070834172
V4	1:Ins:T:2	0.0	0.03545624182288992	0.930128343497326	0.02830824678698475	0.0	0.00610716789279914
V4	1:Ins:T:3	0.001667219173668242	0.10817424751573361	0.8601083438965381	0.016579161273656162	0.009450235255694286	0.004020792884709595
V4	1:Ins:T:4	0.03141094947460568	0.40624107713672836	0.5495531208572224	0.0028861111574141436	0.007071674042232956	0.002837067331796257
V4	1:Ins:T:5	2.1066656803088768e-07	0.9929298634441521	0.0067995607689552385	0.00013365499074569144	0.00013628365721141743	4.264723675394356e-07
V4	2:Del:R:0	0.00525543177956888	0.0	0.8090218473236502	0.06198461173011315	0.11577389299706954	0.007964216169598033
V4	2:Del:R:1	0.22405287475156352	0.03616809527794514	0.5336888843611738	0.057532946628786906	0.04690663688203031	0.10165056209850029
V4	2:Del:R:2	0.0	0.16455784006759913	0.7587103081193804	0.02010502182053226	0.04486809307753029	0.011758736914957922
V4	2:Del:R:3	0.008250276602705855	0.017403123462473732	0.963076345677947	0.011269409316597801	0.0	8.449402756913152e-07
V4	2:Del:R:4	0.03842134551043295	1.6697234652089107e-05	0.8709193060588202	3.4005130833487425e-06	1.408266053905e-05	0.09062516802247243
V4	2:Del:R:5	0.9817218563950807	0.01702220174236848	0.0	0.001255873685315713	0.0	6.81772350243576e-08
V4	3:Del:R:0	0.0	0.27873056300514504	0.05522565462897625	0.08273824532136828	0.33449124805216873	0.2488142889923416
V4	3:Del:R:1	0.009722895427424915	0.06124034026433922	0.8520051464054869	0.04442331285656095	0.030045491872392565	0.0025628131737954808
V4	3:Del:R:2	0.09653647609242966	0.009867379693760184	0.8501552287619853	0.031653919688066336	0.0012187338110809264	0.010568261952677644
V4	3:Del:R:3	9.248099789021408e-07	3.152305265296554e-07	2.6020016731479877e-07	1.0789293792272513e-07	0.9999981376765777	2.541898116930846e-07
V4	3:Del:R:4	0.20023711792345086	0.09900787387848974	0.5874728794011653	0.018842942486021457	0.06564078615839856	0.028798400152473976
V4	3:Del:R:5	0.0006908547052044704	0.0005978946062391627	0.0019428254528760993	0.00010089493489265292	0.9935593651685647	0.003108165132223026
V4	4:Del:R:0	0.05093721760650205	0.05174742697508372	0.7697687012449026	0.04015821645460341	0.0013539229604558895	0.0860345147584523
V4	4:Del:R:1	0.3111891045432285	0.007474138935604848	0.5973057646801682	0.0723813055391133	0.0	0.011649686301885098
V4	4:Del:R:2	0.9632164068166932	0.0	0.031946471494278594	0.004836674171360896	0.0	4.475176673895922e-07
V4	4:Del:R:3	0.20023711792345086	0.09900787387848974	0.5874728794011653	0.018842942486021457	0.06564078615839856	0.028798400152473976
V4	4:Del:R:4	0.20023711792345086	0.09900787387848974	0.5874728794011653	0.018842942486021457	0.06564078615839856	0.028798400152473976
V4	4:Del:R:5	0.005539970462993732	0.0028352846312993535	0.058256249347843334	0.9291977955496288	0.0028207840210022848	0.0013499159872324216
V4	5:Del:R:0	0.039501954694378505	1.276897263053277e-06	1.0793797400431002e-05	1.7807980279346288e-06	0.002005836323422925	0.9584783574895072
V4	5:Del:R:1	0.010771943614856097	1.080183993277125e-07	0.7250696904214559	8.649198693658805e-05	0.2582849663094145	0.005786799648937684
V4	5:Del:R:2	0.17672635684938798	0.019994325161386214	0.6284344293667963	2.4686208172585094e-06	0.08150248540658317	0.09333993459502929
V4	5:Del:R:3	0.0014286714505961423	0.000585398648677448	0.0046272700114089165	0.00018128138360428973	0.9930137562531611	0.00016362225255207974
V4	5:Del:R:4	0.00027823289060525903	0.012979127344419765	0.9865915924646605	2.4781985562174666e-05	8.673769186809545e-05	3.9527622884048e-05
V4	5:Del:R:5	0.20023711792345086	0.09900787387848974	0.5874728794011653	0.018842942486021457	0.06564078615839856	0.028798400152473976
V4	2:Ins:R:0	0.0	0.0	0.9501220513710094	0.005059759805769623	9.875796815691758e-07	0.0448172012435394
V4	2:Ins:R:1	0.028033543002964987	0.04970361262833838	0.8542561818080101	0.005335454440737678	0.0	0.06267120811994886
V4	2:Ins:R:2	2.670496585458923e-06	0.0201376435299879	0.9592130375756299	0.02064619465605637	0.0	4.537417403108694e-07
V4	2:Ins:R:3	0.0561026759863508	0.031152428552060622	0.8601662584763471	0.0006491914272429852	0.017409104657562825	0.034520340900435646
V4	2:Ins:R:4	0.016297085860087296	0.18865750359668812	0.7625696046522392	0.008965710532942331	0.021767477642506763	0.0017426177155362432
V4	2:Ins:R:5	0.0020969490678079484	0.15943685487253742	0.8305296526492392	0.0023007714498491484	0.004317261230368637	0.0013185107301976527
V4	3:Ins:R:0	4.906702596007167e-05	0.6817670161254125	0.00032248504227232796	1.10243237875564e-05	5.6105535587122665e-05	0.3177943019469804
V4	3:Ins:R:1	0.0	1.7899369638094829e-06	0.9518321638866295	0.0466388419444706	2.2847486190053306e-06	0.001524919483317162
V4	3:Ins:R:2	3.151190410118556e-05	0.026328911889323552	0.9645608182352031	0.003597184568645329	9.236191165966142e-06	0.00547233721156077
V4	3:Ins:R:3	0.20023711792345086	0.09900787387848974	0.5874728794011653	0.018842942486021457	0.06564078615839856	0.028798400152473976
V4	3:Ins:R:4	3.358389655117575e-05	4.448492487854547e-05	0.9983419488059198	1.8861260982154624e-06	6.091262819449331e-06	0.001572004983732959
V4	3:Ins:R:5	6.693014037181529e-06	0.016452350169426696	0.9807823134453223	2.5523432902093767e-07	0.0027580768696948794	3.112671897413998e-07
V4	4:Ins:R:0	0.05974415344614372	5.933498475075917e-07	0.9280931246300128	0.004822243821004043	1.0970338511459388e-06	0.007338787719140823
V4	4:Ins:R:1	0.08819655318148441	0.021227299176792846	0.8572671688814544	0.004418733788484009	0.006941254828752887	0.021948990143031595
V4	4:Ins:R:2	0.13541341351572012	0.03434326928561858	0.4263345742565561	1.0261480000904145e-06	0.40390624980219036	1.466991914795677e-06
V4	4:Ins:R:3	0.20023711792345086	0.09900787387848974	0.5874728794011653	0.018842942486021457	0.06564078615839856	0.028798400152473976
V4	4:Ins:R:4	4.4347930654024025e-06	1.7535900607592935e-07	0.9525934942841385	0.01632388278012109	0.023881488958709243	0.007196523824959563
V4	4:Ins:R:5	0.0	0.04438271489881112	0.9411693732758697	0.001199544274325132	0.004790844555672629	0.008457522995321567
V4	5:Ins:R:0	0.20492542456658455	0.11698481891297245	0.6780522268697177	7.603903627001794e-06	1.3959973222353328e-05	1.5965773875969756e-05
V4	5:Ins:R:1	0.2700208344630991	0.18867521350651162	0.170405649719766	0.03632287861749062	0.02640533996721193	0.3081700837259208
V4	5:Ins:R:2	0.20023711792345086	0.09900787387848974	0.5874728794011653	0.018842942486021457	0.06564078615839856	0.028798400152473976
V4	5:Ins:R:3	0.9672741197117792	0.0010240699504129743	0.015639474246970222	0.009328239631774728	0.0046080740043293504	0.002126022454733578
V4	5:Ins:R:4	0.0006973504461870799	0.7282064796291753	0.036286471790357225	0.1615696993333331	0.07306052113535545	0.00017947766559173485
V4	5:Ins:R:5	0.20023711792345086	0.09900787387848974	0.5874728794011653	0.018842942486021457	0.06564078615839856	0.028798400152473976
V4	2:Del:M:1	0.7021083468416408	0.07625179915358606	0.12039271588165253	0.02292215717465245	0.007786949993038654	0.07053803095542943
V4	3:Del:M:1	0.20753259379005506	0.08134385903325173	0.3032220882375962	0.10829550690035895	0.0	0.2996059520387381
V4	3:Del:M:2	0.007612280069273555	0.026826388199629892	0.9288268147396964	0.007922832186923457	0.0	0.028811684804476715
V4	4:Del:M:1	0.15720908920441115	0.0	0.694944383111494	0.034860779856816	0.017600216208737158	0.0953855316185418
V4	4:Del:M:2	0.5480060568225179	0.1482284910094021	1.6749451540317088e-05	0.28767881509395654	0.0006277265632904705	0.015442161059292593
V4	4:Del:M:3	7.410110934335283e-06	4.430142900069813e-06	0.6356057954556744	0.20515579537429035	0.01563111148727906	0.14359545742892182
