Sample Names	MutationType	ID83A	ID83B	ID83C	ID83D	ID83E	ID83F
V1	1:Del:C:0	0.0008735037666190367	0.0005937662316609501	0.9914508477432675	0.001235393217779301	0.0005900347804656523	0.005256454260207505
V1	1:Del:C:1	0.006760104145305651	0.007891477716933852	0.9678157019566539	0.00762993834456179	0.00027978357664027695	0.009622994259904599
V1	1:Del:C:2	0.551008153046159	0.013050971082308386	0.16009138315982815	0.0016317894925917684	0.13324776204873853	0.14096994117037412
V1	1:Del:C:3	0.00036744096949405537	0.0008293321053246693	1.2526916971657709e-05	0.00018896792734273568	0.945325308427178	0.05327642365368889
V1	1:Del:C:4	0.7192408501310921	0.002467206073143812	0.25000941988463454	0.0011086354183514255	0.0	0.027173888492778173
V1	1:Del:C:5	0.9409682929124779	0.0004104013471308921	0.017631857875295597	0.0	0.00024008195777557687	0.04074936590732001
V1	1:Del:T:0	0.4442492370139742	0.0018490973498724815	0.5079639625722985	0.002706023010842818	0.0016376361724779102	0.04159404388053421
V1	1:Del:T:1	0.06891213913264826	0.0019322166228538387	0.902425289199286	0.005360605684631593	0.0001129244098478085	0.02125682495073245
V1	1:Del:T:2	0.5093339217680374	0.0006645232688221889	0.4865622457868087	0.0008464906348673863	0.0025928185414641133	0.0
V1	1:Del:T:3	0.5588400214871806	0.0026647317763782347	0.42229424782233416	0.0008511747448559564	0.0	0.015349824169250986
V1	1:Del:T:4	0.7492935894485026	0.0006002451889352375	0.24984572232264946	1.3878265768558282e-06	9.663157701196066e-05	0.00016242363632386662
V1	1:Del:T:5	0.9985458704461215	5.529439172719038e-06	1.8461808390721984e-08	9.414303507516598e-06	4.746864300579364e-06	0.0014344204850891755
V1	1:Ins:C:0	0.6642911847661084	0.04972333701451687	0.11574209305007396	0.04793533707164908	7.624892551242014e-05	0.12223179917213922
V1	1:Ins:C:1	0.682248402546683	1.3340593061297496e-06	0.23378960025691098	0.08337222982803529	0.00046466717497168237	0.00012376613409289522
V1	1:Ins:C:2	0.0003713228217489603	0.19219834970452723	0.627453333773082	0.1798642721907721	1.1285300195655713e-06	0.0001115929798500775
V1	1:Ins:C:3	0.00012600006949587062	8.401627516271798e-07	1.346024867577425e-05	0.005550998821776221	4.330560733735735e-06	0.9943043701365667
V1	1:Ins:C:4	0.9499076460358298	0.002552729194564886	0.0	5.7379977056920844e-05	5.394100511419329e-05	0.04742830378743416
V1	1:Ins:C:5	0.774673746575516	2.1249344842694946e-05	0.0044609412793105985	8.552996301831928e-05	0.0006297273940473824	0.22012880544326496
V1	1:Ins:T:0	0.17368027243554301	0.0005940032060026002	0.6685896579320931	0.002931504689055451	0.0007927446569330598	0.1534118170803727
V1	1:Ins:T:1	0.1792136182626958	0.022973236656262715	0.7890803899197627	0.0059099293114657035	0.0028222632071444546	5.626426685860099e-07
V1	1:Ins:T:2	0.7430876953913101	0.0018748917343120966	0.20759268210666468	0.0032064546432330017	0.0023169361147563523	0.04192134000972377
V1	1:Ins:T:3	0.6776037924252712	0.002990912451131987	0.1601800465729429	0.0020321691638612058	0.0016953131325997907	0.15549776625419282
V1	1:Ins:T:4	0.46710210414618736	0.004971592778424464	0.025297192813586177	8.296958559726187e-06	0.002046554610620026	0.5005742586926224
V1	1:Ins:T:5	1.3872153771319813e-06	0.0004436330440509053	0.00055223314573652	1.9014881272666252e-06	7.605941842357194e-09	0.9990008375007663
V1	2:Del:R:0	0.0	0.0	0.7863747764758607	0.0038517459760670906	0.010777838444616565	0.1989956391034556
V1	2:Del:R:1	0.7391167722874135	0.0019153920383158769	0.16972391149589403	0.007264579257086053	0.00012855841048247646	0.08185078651080822
V1	2:Del:R:2	0.8666909240702387	0.0001706405133686209	0.06563880591780452	0.002437881231244358	0.0	0.06506174826734368
V1	2:Del:R:3	0.9902331941066359	0.009750498054826254	1.491742516652913e-06	2.296377080428858e-08	2.034092555218302e-07	1.4589722994978072e-05
V1	2:Del:R:4	0.9041318831644145	7.005400559721553e-45	0.09162764210574267	0.003873483312701453	0.00034321360554128073	2.3777811600128055e-05
V1	2:Del:R:5	0.028259742563594856	1.0457648916939589e-05	0.8484147904145094	0.12194607408751819	1.3469732928583487e-05	0.0013554655525318
V1	3:Del:R:0	0.5193405189079643	0.0	0.009118219888726572	0.006232723677316636	0.46530762830569433	9.092202982317605e-07
V1	3:Del:R:1	0.7372489689797991	0.00012055507852534015	0.12957364443194222	0.0	0.0009567141179253637	0.13210011739180805
V1	3:Del:R:2	0.7792474295551955	0.010238436479760336	0.060908309260642765	0.0002622080264260504	0.01165892549535857	0.13768469118261673
V1	3:Del:R:3	0.9859043574322952	4.1862490971970123e-07	5.578667603457134e-06	0.00628640710695568	0.00018461595043870393	0.007618622217797081
V1	3:Del:R:4	0.6578696778380135	0.017672693779613377	0.10200821349526887	0.0015458651927279731	0.00766733931534924	0.21323621037902704
V1	3:Del:R:5	0.6578696778380135	0.017672693779613377	0.10200821349526887	0.0015458651927279731	0.00766733931534924	0.21323621037902704
V1	4:Del:R:0	0.0	0.013321748162173509	0.7640472398649042	0.04581366017366732	0.004643346760437682	0.17217400503881722
V1	4:Del:R:1	0.7782704956927826	0.018566552057247415	0.1782825610244887	0.002227964842864095	0.011726584655865936	0.010925841726751283
V1	4:Del:R:2	0.6494101855456104	0.005059829573905884	0.3407373978188482	0.0035363127569215894	0.001253152567232204	3.1217374818230374e-06
V1	4:Del:R:3	0.005149396194726242	0.00012834231067953043	0.9900840867478578	1.12028165879839e-05	5.5855294520986754e-05	0.004571116635627542
V1	4:Del:R:4	0.6578696778380135	0.017672693779613377	0.10200821349526887	0.0015458651927279731	0.00766733931534924	0.21323621037902704
V1	4:Del:R:5	0.0030339482673858247	0.09031274988836552	0.00011446299605688212	0.0	4.213390320689504e-06	0.9065346254578711
V1	5:Del:R:0	0.609219297803431	4.471136532459324e-07	0.01744153226200012	0.3689560956936768	0.0043698862101288665	1.2740917109936691e-05
V1	5:Del:R:1	0.9339019945948187	0.00023120295859037316	0.06562758519491184	0.0	0.0002380379206186057	1.17933106053084e-06
V1	5:Del:R:2	0.4278379766933875	0.0359609506681516	0.4861753744503045	0.043620175028782016	0.0063959546275330825	9.568531841179597e-06
V1	5:Del:R:3	0.6578696778380135	0.017672693779613377	0.10200821349526887	0.0015458651927279731	0.00766733931534924	0.21323621037902704
V1	5:Del:R:4	0.6578696778380135	0.017672693779613377	0.10200821349526887	0.0015458651927279731	0.00766733931534924	0.21323621037902704
V1	5:Del:R:5	0.6578696778380135	0.017672693779613377	0.10200821349526887	0.0015458651927279731	0.00766733931534924	0.21323621037902704
V1	2:Ins:R:0	0.11299993205607926	0.11509300123950403	0.14648068599113231	0.04456769631982243	0.018923256564387134	0.5619354278290749
V1	2:Ins:R:1	0.24480905573140263	0.0	0.7286056968829255	0.02092084662123892	0.005619073460454234	4.5327303978713804e-05
V1	2:Ins:R:2	0.9602058904538475	4.3805509147738785e-07	0.03865964753322017	0.001109624122608967	0.0	2.4399835231771673e-05
V1	2:Ins:R:3	0.31951548213746117	7.169683372922376e-07	0.43504324728741306	0.0	0.008933951055246235	0.23650660255154218
V1	2:Ins:R:4	0.7504802551270994	0.0	3.8585188173308237e-07	5.283425732014297e-05	0.0004531461559790346	0.24901337860771972
V1	2:Ins:R:5	0.8087857963404506	6.223061659216238e-05	0.0006362290021181395	7.824733808512981e-05	0.00030663987061374466	0.19013085683214032
V1	3:Ins:R:0	0.4933509311325671	2.2719721897686486e-05	0.5053162972151941	0.0011001320472709063	6.578920066526109e-06	0.00020334096300373875
V1	3:Ins:R:1	0.6657645533875239	0.0	0.2781213307986765	0.005593832524796506	0.000481056179964963	0.050039227109038034
V1	3:Ins:R:2	0.0007630863926414524	4.0050176007046886e-05	0.9641461580576183	3.238820232856904e-06	0.03470603225137923	0.0003414343021211723
V1	3:Ins:R:3	0.0032152058879853507	0.0001876878746187681	0.9782863818694912	0.01679300415603081	5.9603547000800515e-05	0.0014581166648730797
V1	3:Ins:R:4	0.994611849887874	0.003892026042866273	3.0160920191350942e-05	0.001294136395785149	1.3054069779009543e-06	0.00017052134630537964
V1	3:Ins:R:5	0.9896662553119782	1.5438788219931655e-07	0.0027547186215678733	0.0	0.00016102494044615239	0.007417846738125685
V1	4:Ins:R:0	0.0025122360772776423	0.00014262006495491394	0.00027267444551255034	0.6790647465282809	0.3159064631715524	0.0021012597124216168
V1	4:Ins:R:1	0.8075201427633791	0.0	0.005137624890865794	0.0006262974963196488	0.016314044307313064	0.17040189054212254
V1	4:Ins:R:2	0.0035686522079101664	6.239568314146815e-05	0.00038934994858774296	5.395646730677327e-06	3.266069473351033e-05	0.9959415458188965
V1	4:Ins:R:3	0.3147167774123232	8.520782310769717e-05	0.6193975754272516	7.57881925226335e-06	0.06530734789879845	0.00048551261926688897
V1	4:Ins:R:4	0.9279333218753409	1.2724383141929524e-06	0.06991750652836853	0.0021232211481998914	2.343625745507206e-06	2.2334384030983788e-05
V1	4:Ins:R:5	0.866937266275529	0.0	0.0	0.0	0.008052490452924738	0.12501024327154617
V1	5:Ins:R:0	0.06433158653645407	0.002332359173301977	0.008679516926783369	0.00012770568235667725	0.9043365770575679	0.020192254623536077
V1	5:Ins:R:1	0.00580512407983068	0.8340765188117434	0.0035962400098610526	0.0010426517887973856	3.153565825993739e-08	0.1554794337741094
V1	5:Ins:R:2	0.6578696778380135	0.017672693779613377	0.10200821349526887	0.0015458651927279731	0.00766733931534924	0.21323621037902704
V1	5:Ins:R:3	0.001333953928485113	4.741348392971323e-05	0.00020306368931971263	3.0944951537147635e-06	0.01614968575014241	0.9822627886529695
V1	5:Ins:R:4	0.03822511154620019	0.930541912827251	0.005680854377661431	8.27736422689202e-05	0.00044803979004203663	0.025021307816576556
V1	5:Ins:R:5	0.9929920787845805	2.5722481778096414e-06	3.644977229783541e-05	0.006828828102197076	3.714832268667013e-07	0.0001396996095197406
V1	2:Del:M:1	0.029830149848505554	0.0041892914481346235	0.6577656508374659	0.01624967239801723	0.0005071938268201616	0.29145804164105665
V1	3:Del:M:1	0.5303196048481261	0.00038024766907646026	0.2253553416568409	0.021584590918460045	0.0	0.2223602149074964
V1	3:Del:M:2	0.8393209733996125	0.0003443124945958493	0.09931772874252708	0.0009478988137076086	0.002118290126489055	0.05795079642306798
V1	4:Del:M:1	0.43095089622214366	0.001058710212674354	0.534694182528903	0.033017002537094595	0.00024259245287101662	3.661604631333411e-05
V1	4:Del:M:2	5.285833959738398e-05	0.0018209026859266637	0.9588469108800162	0.014058735556963086	1.9435013296076932e-07	0.02522039818736374
V1	4:Del:M:3	0.0	0.0	0.573206569539005	0.011853279467834371	0.019204800429145196	0.39573535056401554
V1	5:Del:M:1	0.00013303354637458608	1.2614955910154646e-05	4.2800257283941144e-05	0.9974947931959646	0.0021272604394551886	0.0001894976050115827
V1	5:Del:M:2	0.03667308198940795	0.8721929506575512	0.08051047878572651	0.008103401261723327	0.0025200873055911924	0.0
V1	5:Del:M:3	0.13776413162831824	0.09493633187341455	0.0	0.7031552340407526	0.009766668185147527	0.05437763427236699
V1	5:Del:M:4	0.0002092971240575653	3.463533800753379e-06	0.00013659549236063107	0.4388063743851541	0.011024951739663235	0.5498193177249637
V1	5:Del:M:5	0.7958230932708026	0.0030371674642002914	0.020341125116053797	0.023977740175488062	0.0	0.15682087397345534
V2	1:Del:C:0	7.238585728027896e-05	0.01754113495417634	0.9673308849429173	0.009946211639947654	0.0050568764367811	5.250616889750629e-05
V2	1:Del:C:1	0.000451087581484622	0.1877236862152044	0.7603526673217721	0.049464321484158705	0.0019308364613962374	7.740093598407869e-05
V2	1:Del:C:2	0.026182555624313156	0.22108032377043516	0.08956470344636944	0.007533237946151734	0.6548317415004614	0.0008074377122692363
V2	1:Del:C:3	3.745994686146354e-06	0.0030141253638359435	1.5036221098889727e-06	0.00018716783700367234	0.996727987061328	6.547012103640159e-05
V2	1:Del:C:4	0.1545650661571044	0.18901474229554824	0.6325695702169503	0.0231467110811858	0.0	0.0007039102492113202
V2	1:Del:C:5	0.7103742602342331	0.1104521717492556	0.15672029093577727	0.0	0.01874509045050356	0.0037081866302305097
V2	1:Del:T:0	0.05906493328698443	0.08764276249048143	0.7951532807026243	0.03495409447189185	0.02251833309266177	0.0006665959553564444
V2	1:Del:T:1	0.005782326264849049	0.05779841517889022	0.8915240112700433	0.04370028480396763	0.0009799648093808536	0.00021499767286890933
V2	1:Del:T:2	0.07462447124058948	0.0347090009297198	0.8393285548431546	0.012049370722004642	0.03928860226453146	0.0
V2	1:Del:T:3	0.08511977417046368	0.1446937317566609	0.7573088872194342	0.012595784869117712	0.0	0.0002818219843234668
V2	1:Del:T:4	0.19138809433471038	0.05465688082312568	0.7513628960257168	3.443988116698434e-05	0.0025526881220861806	5.00081319377178e-06
V2	1:Del:T:5	0.9964575097047019	0.001967093956724602	2.169101773057084e-07	0.0009127303736967712	0.000489906690407166	0.00017254236429228268
V2	1:Ins:C:0	0.027188407351604566	0.7255023117810506	0.05577396709234068	0.19060952872111858	0.0003227563504626159	0.0006030287034228006
V2	1:Ins:C:1	0.058898925835167516	4.105756965979023e-05	0.23763202062141117	0.6992779067846271	0.0041488012504905525	1.287938643612079e-06
V2	1:Ins:C:2	3.976455598192056e-06	0.7337488005440178	0.0791117245904475	0.1871341044664358	1.2498946254855233e-06	1.4404887515999806e-07
V2	1:Ins:C:3	0.0001908542924062645	0.0004536781101907147	0.00024004858828306766	0.8168942244725649	0.0006784081711441522	0.18154278636541094
V2	1:Ins:C:4	0.5061280536351821	0.48488307649211515	0.0	0.002970317952030671	0.002972445157282057	0.0030461067633900593
V2	1:Ins:C:5	0.8287559217499136	0.00810413385555087	0.05618873290266283	0.008889751762707537	0.06967487237038975	0.028386587358775625
V2	1:Ins:T:0	0.02009597986866206	0.024501955060686715	0.9108215034893827	0.032954356203907895	0.009486539254254822	0.0021396661231057055
V2	1:Ins:T:1	0.00967385964887955	0.44208340761392445	0.5014930862708689	0.03099378410683104	0.015755858698578654	3.6609174801652808e-09
V2	1:Ins:T:2	0.1684310701642941	0.15149963522619486	0.5539991566765017	0.07061074314019905	0.05431402481369895	0.001145369979111384
V2	1:Ins:T:3	0.1685044595335417	0.26515054646059005	0.4689849565678092	0.04909745394207239	0.043601485570018944	0.004661097925967609
V2	1:Ins:T:4	0.16622275080230803	0.6307067001765481	0.10599024546217553	0.000286854129050253	0.07532129333194969	0.02147215609796821
V2	1:Ins:T:5	4.862977807702718e-06	0.5544157192034083	0.022792700766698155	0.0006476129948644121	2.7575740463448874e-06	0.4221363464831752
V2	2:Del:R:0	0.0	0.0	0.8595478134089846	0.03474135238240134	0.10348395018194242	0.002226884026671787
V2	2:Del:R:1	0.17813557082497494	0.16456918742323623	0.48161005980455557	0.17010285455807886	0.003204452774423754	0.002377874614730755
V2	2:Del:R:2	0.44559201255397773	0.03127580900368309	0.3973276110398804	0.12177250375500084	0.0	0.00403206364745784
V2	2:Del:R:3	0.22171328704680152	0.7782771770020127	3.932448408857813e-06	4.995293231524197e-07	4.710215093481625e-06	3.9375836039034257e-07
V2	2:Del:R:4	0.37754609490152813	1.0428561954286037e-42	0.4504842737418492	0.1571460360801925	0.01482239842958	1.1968468502390427e-06
V2	2:Del:R:5	0.0012921576339923627	0.0001704647589828344	0.4567414780282882	0.5417247313738627	6.36974535092759e-05	7.470751364781919e-06
V2	3:Del:R:0	0.01052242412652099	0.0	0.0021751468467491606	0.012268882628362761	0.9750335441778137	2.2205533891456053e-09
V2	3:Del:R:1	0.30456482771207016	0.017754332090913125	0.6302272445083462	0.0	0.040875544041599626	0.006578051647071007
V2	3:Del:R:2	0.1218681372504627	0.570823296835941	0.11215180415560518	0.003984045773854209	0.18857716866522153	0.0025955473189154463
V2	3:Del:R:3	0.6097555076015035	9.229948275116014e-05	4.062247280416504e-05	0.3777347946881708	0.01180880511536858	0.0005679706394017489
V2	3:Del:R:4	0.07207175821854539	0.6902100114373112	0.13157558650547554	0.016453580073864785	0.08687318012608308	0.0028158836387200243
V2	3:Del:R:5	0.07207175821854539	0.6902100114373112	0.13157558650547554	0.016453580073864785	0.08687318012608308	0.0028158836387200243
V2	4:Del:R:0	0.0	0.2540074890814747	0.48113525857963396	0.2380622755981529	0.02568496357305398	0.00111001316768445
V2	4:Del:R:1	0.0712260057495405	0.6057487660010442	0.1921019677292901	0.01980979130999102	0.11099294024432117	0.00012052896581308913
V2	4:Del:R:2	0.0935999688583585	0.25998347962669943	0.5782176392559438	0.049518880658162054	0.018679977365605813	5.423523028604456e-08
V2	4:Del:R:3	0.0004395436247624211	0.003905429355392583	0.9950220006899698	9.290443500911763e-05	0.0004930895662351958	4.703232863083395e-05
V2	4:Del:R:4	0.07207175821854539	0.6902100114373112	0.13157558650547554	0.016453580073864785	0.08687318012608308	0.0028158836387200243
V2	4:Del:R:5	9.390086605652258e-05	0.9964688965936096	4.171012212484937e-05	0.0	1.3486799744110999e-05	0.0033820056184649594
V2	5:Del:R:0	0.0164154859160667	4.2948824092096485e-06	0.005533241840635189	0.9658692152936491	0.01217772068544876	4.138179098223666e-08
V2	5:Del:R:1	0.5149362860982897	0.045446331848056055	0.4260431072106013	0.0	0.013574196461036591	7.838201641262864e-08
V2	5:Del:R:2	0.017922744868235124	0.5370436796308989	0.23979110762983372	0.17753179244080577	0.027710627113333473	4.831689292061377e-08
V2	5:Del:R:3	0.07207175821854539	0.6902100114373112	0.13157558650547554	0.016453580073864785	0.08687318012608308	0.0028158836387200243
V2	5:Del:R:4	0.07207175821854539	0.6902100114373112	0.13157558650547554	0.016453580073864785	0.08687318012608308	0.0028158836387200243
V2	5:Del:R:5	0.07207175821854539	0.6902100114373112	0.13157558650547554	0.016453580073864785	0.08687318012608308	0.0028158836387200243
V2	2:Ins:R:0	0.0022956978121101623	0.8335635350688281	0.03503739656414616	0.0879670984787503	0.03976016745630703	0.0013761046198584805
V2	2:Ins:R:1	0.02140512770455072	0.0	0.7500631554444357	0.1777187062975387	0.05081253282763329	4.777258416833162e-07
V2	2:Ins:R:2	0.6303296364275315	0.00010251451190621245	0.29879696153607543	0.0707689568068844	0.0	1.9307176026279874e-06
V2	2:Ins:R:3	0.04996845082563635	3.997212252008481e-05	0.8010347115012492	0.0	0.14449849923071367	0.004458366319880799
V2	2:Ins:R:4	0.9014784679115517	0.0	5.456970869519695e-06	0.006165882403177322	0.05629504579949541	0.03605514691490607
V2	2:Ins:R:5	0.8979571285560729	0.024630852616945163	0.00831668925155172	0.008440247890988526	0.035210038425564194	0.02544504325887737
V2	3:Ins:R:0	0.07522304803492824	0.0012349553063886547	0.9071376774118538	0.016296837459787893	0.00010374456972734039	3.7372173139802784e-06
V2	3:Ins:R:1	0.14665880720392702	0.0	0.7213344999170016	0.11971828386683431	0.01095971011605275	0.0013286988961843935
V2	3:Ins:R:2	5.1020704851678654e-05	0.0009546197792489817	0.7589803730630439	2.1038904953749612e-05	0.23999019580156833	2.7517463333351706e-06
V2	3:Ins:R:3	0.0002430958003092955	0.005058923808637033	0.8708625225241584	0.12335609314531502	0.00046607580905971754	1.3288912520573536e-05
V2	3:Ins:R:4	0.39652176930897987	0.5531493399548921	0.0001415705499712951	0.0501253018247673	5.3823895336571216e-05	8.194466052974118e-06
V2	3:Ins:R:5	0.9518745113331737	5.293676525989989e-05	0.031194864654978522	0.0	0.016017689540641433	0.0008599977059465191
V2	4:Ins:R:0	2.5452478697009345e-05	0.0005151141964809195	3.252587575851355e-05	0.6684121913524026	0.3310121499712943	2.5661253666848767e-06
V2	4:Ins:R:1	0.3062687214944474	0.0	0.02294175297865136	0.02307775190359675	0.6399215093346602	0.007790264288644379
V2	4:Ins:R:2	0.023120726062722925	0.14411362486702506	0.029699715602281306	0.0033962863054535436	0.021884591836567355	0.7777850553259498
V2	4:Ins:R:3	0.02186629090152083	0.002110512606787374	0.5066868724611627	5.115879644609533e-05	0.4692810990760869	4.066157995968059e-06
V2	4:Ins:R:4	0.4738937246017921	0.00023166166830529002	0.4204022623451348	0.10534719143734173	0.00012378506149456777	1.374885931460131e-06
V2	4:Ins:R:5	0.5055570036370037	0.0	0.0	0.0	0.48565567395765047	0.008787322405345821
V2	5:Ins:R:0	0.0006804569039715632	0.008794781378117539	0.001080903300045787	0.0001312351366794627	0.9892868784719467	2.5744809238932276e-05
V2	5:Ins:R:1	1.951222398159575e-05	0.9994346803978529	0.00014231768140253993	0.0003404850922507453	1.0962584542953714e-08	6.299364192771892e-05
V2	5:Ins:R:2	0.07207175821854539	0.6902100114373112	0.13157558650547554	0.016453580073864785	0.08687318012608308	0.0028158836387200243
V2	5:Ins:R:3	0.000737164987677473	0.009340690721811432	0.0013212076123811996	0.0001661411527793929	0.9230043220977636	0.06543047342758677
V2	5:Ins:R:4	0.0001151719905463994	0.999510372205979	0.0002015239624241292	2.4230017090095022e-05	0.00013961448728243224	9.08733667785608e-06
V2	5:Ins:R:5	0.5989652786898965	0.0005531233422091515	0.00025886039446534545	0.400189405717447	2.3174526107108046e-05	1.0157329874918886e-05
V2	2:Del:M:1	0.0027282060285184423	0.13658894767996263	0.7082846751209787	0.14438759487320973	0.004797461271330911	0.003213115025999451
V2	3:Del:M:1	0.09743148414664972	0.024904707812073778	0.48746609901166005	0.3852733782015825	0.0	0.004924330828033941
V2	3:Del:M:2	0.3426406325050857	0.05010912567155511	0.4773671088138507	0.03759553854794934	0.08943592819833546	0.00285166626322372
V2	4:Del:M:1	0.041691818551605704	0.036513495263537046	0.609036660293388	0.3103303398649077	0.002427259031353681	4.269952077384763e-07
V2	4:Del:M:2	3.972115047344924e-06	0.04878072977126958	0.8483449929814968	0.10264034594617609	1.5104589723028698e-06	0.00022844872703792467
V2	4:Del:M:3	0.0	0.0	0.6793420447184035	0.11592162927085521	0.1999346178852593	0.004801708125482049
V2	5:Del:M:1	1.3695538622803892e-06	4.6297436010894294e-05	5.187752563455647e-06	0.997681982101853	0.0022649280028990896	2.3515281135041466e-07
V2	5:Del:M:2	0.0001171795772012842	0.9935056567176391	0.0030288087561760172	0.0025155641980948327	0.0008327907508887656	0.0
V2	5:Del:M:3	0.00133345695639145	0.3275884223599983	0.0	0.6612376889167257	0.00977698760667758	6.344416020701409e-05
V2	5:Del:M:4	4.7739355030982625e-06	2.8163457590305905e-05	3.668297754537362e-05	0.9724107638466478	0.02600792911624747	0.0015116866664660132
V2	5:Del:M:5	0.17817596606002292	0.2424122587791076	0.053619465622992114	0.5215601214930385	0.0	0.004232188044838846
V3	1:Del:C:0	0.007000096101650376	0.09736278757880734	0.0	0.0	0.8956371163195422	0.0
V3	1:Del:C:1	0.03055729298628024	0.729891171235897	0.0	0.0	0.23955153577782284	0.0
V3	1:Del:C:2	0.02114607777994749	0.010248325531261433	0.0	0.0	0.9686055966887911	0.0
V3	1:Del:C:3	2.0518660033604576e-06	9.476068252533087e-05	0.0	0.0	0.9999031874514713	0.0
V3	1:Del:C:4	0.9344143448709444	0.06558565512905558	0.0	0.0	0.0	0.0
V3	1:Del:C:5	0.9458479677587116	0.008440990421774873	0.0	0.0	0.04571104181951355	0.0
V3	1:Del:T:0	0.5607238639554528	0.04775517156158561	0.0	0.0	0.3915209644829617	0.0
V3	1:Del:T:1	0.5307552526027295	0.30450376580726346	0.0	0.0	0.16474098159000708	0.0
V3	1:Del:T:2	0.50227652895838	0.013408764403040981	0.0	0.0	0.48431470663857895	0.0
V3	1:Del:T:3	0.9111058615569496	0.08889413844305033	0.0	0.0	0.0	0.0
V3	1:Del:T:4	0.9607818060205872	0.0157485192450384	0.0	0.0	0.02346967473437453	0.0
V3	1:Del:T:5	0.9989872825615688	0.00011319084676496527	0.0	0.0	0.0008995265916661919	0.0
V3	1:Ins:C:0	0.39164651293129854	0.5998384850941513	0.0	0.0	0.008515001974550223	0.0
V3	1:Ins:C:1	0.8857023772055186	3.543714323001248e-05	0.0	0.0	0.11426218565125137	0.0
V3	1:Ins:C:2	9.440589113180302e-05	0.9998512470782647	0.0	0.0	5.434703060349155e-05	0.0
V3	1:Ins:C:3	0.13077792065068616	0.017842896275364357	0.0	0.0	0.8513791830739493	0.0
V3	1:Ins:C:4	0.9383122934240296	0.05159517056374759	0.0	0.0	0.010092536012222873	0.0
V3	1:Ins:C:5	0.8661489522787207	0.0004861357669821106	0.0	0.0	0.1333649119542972	0.0
V3	1:Ins:T:0	0.5169170710893759	0.03617407682086349	0.0	0.0	0.4469088520897606	0.0
V3	1:Ins:T:1	0.15138056701880934	0.3970631560123427	0.0	0.0	0.451556276968848	0.0
V3	1:Ins:T:2	0.608931445101371	0.03143712415829705	0.0	0.0	0.35963143074033194	0.0
V3	1:Ins:T:3	0.6392965959492105	0.05773890574902835	0.0	0.0	0.30296449830176114	0.0
V3	1:Ins:T:4	0.48835661993244583	0.10635528809927894	0.0	0.0	0.4052880919682753	0.0
V3	1:Ins:T:5	0.00015277294394292919	0.9996885658307879	0.0	0.0	0.00015866122526920386	0.0
V3	2:Del:R:0	0.0	0.0	0.0	0.0	1.0	0.0
V3	2:Del:R:1	0.9208346724578604	0.048827508937509013	0.0	0.0	0.030337818604630563	0.0
V3	2:Del:R:2	0.9959875457602237	0.004012454239776237	0.0	0.0	0.0	0.0
V3	2:Del:R:3	0.8322812630817357	0.16768635380509175	0.0	0.0	3.2383113172524396e-05	0.0
V3	2:Del:R:4	0.9329200992676429	1.479053632752012e-43	0.0	0.0	0.06707990073235709	0.0
V3	2:Del:R:5	0.9108671844808742	0.006896983656896344	0.0	0.0	0.0822358318622294	0.0
V3	3:Del:R:0	0.0058579442110518855	0.0	0.0	0.0	0.9941420557889481	0.0
V3	3:Del:R:1	0.800546513486603	0.0026785280032240867	0.0	0.0	0.19677495851017285	0.0
V3	3:Del:R:2	0.24373407209009196	0.06552586919383899	0.0	0.0	0.690740058716069	0.0
V3	3:Del:R:3	0.965737797186982	8.3904990845716e-06	0.0	0.0	0.03425381231393326	0.0
V3	3:Del:R:4	0.2661508827679449	0.14629486350314636	0.0	0.0	0.5875542537289088	0.0
V3	3:Del:R:5	0.2661508827679449	0.14629486350314636	0.0	0.0	0.5875542537289088	0.0
V3	4:Del:R:0	0.0	0.23659607036410038	0.0	0.0	0.7634039296358996	0.0
V3	4:Del:R:1	0.23030072397732404	0.11241759255051653	0.0	0.0	0.6572816834721594	0.0
V3	4:Del:R:2	0.6557655647404259	0.10454510061813974	0.0	0.0	0.2396893346414343	0.0
V3	4:Del:R:3	0.28053956854599965	0.14306913631326326	0.0	0.0	0.5763912951407371	0.0
V3	4:Del:R:4	0.2661508827679449	0.14629486350314636	0.0	0.0	0.5875542537289088	0.0
V3	4:Del:R:5	0.0016384046281877718	0.9979306125718951	0.0	0.0	0.0004309827999171179	0.0
V3	5:Del:R:0	0.423966315770075	6.366693129141166e-06	0.0	0.0	0.5760273175367959	0.0
V3	5:Del:R:1	0.9493567563515067	0.00480905577621111	0.0	0.0	0.04583418787228221	0.0
V3	5:Del:R:2	0.18013119035269	0.30979830395594765	0.0	0.0	0.5100705056913623	0.0
V3	5:Del:R:3	0.2661508827679449	0.14629486350314636	0.0	0.0	0.5875542537289088	0.0
V3	5:Del:R:4	0.2661508827679449	0.14629486350314636	0.0	0.0	0.5875542537289088	0.0
V3	5:Del:R:5	0.2661508827679449	0.14629486350314636	0.0	0.0	0.5875542537289088	0.0
V3	2:Ins:R:0	0.01867046661176143	0.38910265043955256	0.0	0.0	0.592226882948686	0.0
V3	2:Ins:R:1	0.18699876000258595	0.0	0.0	0.0	0.813001239997414	0.0
V3	2:Ins:R:2	0.9999906653380046	9.334661995357417e-06	0.0	0.0	0.0	0.0
V3	2:Ins:R:3	0.1588240203961241	7.292266632769871e-06	0.0	0.0	0.8411686873372431	0.0
V3	2:Ins:R:4	0.8973675618086546	0.0	0.0	0.0	0.10263243819134539	0.0
V3	2:Ins:R:5	0.9316290635567352	0.0014667358300289675	0.0	0.0	0.06690420061323582	0.0
V3	3:Ins:R:0	0.9965438080977499	0.0009390349102781194	0.0	0.0	0.0025171569919719776	0.0
V3	3:Ins:R:1	0.8796124082643475	0.0	0.0	0.0	0.12038759173565244	0.0
V3	3:Ins:R:2	0.000116051018052307	0.00012462866951095484	0.0	0.0	0.9997593203124368	0.0
V3	3:Ins:R:3	0.1752593484055782	0.20933743809674013	0.0	0.0	0.6154032134976816	0.0
V3	3:Ins:R:4	0.9256543457510622	0.07411553317334411	0.0	0.0	0.00023012107559370118	0.0
V3	3:Ins:R:5	0.9700993367950375	3.096556007406452e-06	0.0	0.0	0.029897566648955216	0.0
V3	4:Ins:R:0	4.198046789039701e-05	4.87647206671632e-05	0.0	0.0	0.9999092548114424	0.0
V3	4:Ins:R:1	0.2071812273416722	0.0	0.0	0.0	0.7928187726583278	0.0
V3	4:Ins:R:2	0.32348769761753565	0.11573011174201922	0.0	0.0	0.5607821906404451	0.0
V3	4:Ins:R:3	0.024806873015300036	0.00013742630899942092	0.0	0.0	0.9750557006757006	0.0
V3	4:Ins:R:4	0.9994938031464521	2.8043896611976954e-05	0.0	0.0	0.00047815295693602003	0.0
V3	4:Ins:R:5	0.362401235741107	0.0	0.0	0.0	0.6375987642588931	0.0
V3	5:Ins:R:0	0.000375314123746586	0.00027842252068128884	0.0	0.0	0.9993462633555721	0.0
V3	5:Ins:R:1	0.00034003175465938834	0.9996596183605047	0.0	0.0	3.498848359598359e-07	0.0
V3	5:Ins:R:2	0.2661508827679449	0.14629486350314636	0.0	0.0	0.5875542537289088	0.0
V3	5:Ins:R:3	0.0004357471015052767	0.0003169084572517185	0.0	0.0	0.999247344441243	0.0
V3	5:Ins:R:4	0.0019946925826555407	0.9935767829697206	0.0	0.0	0.004428524447623888	0.0
V3	5:Ins:R:5	0.9998761505123195	5.299703560762814e-05	0.0	0.0	7.085245207276193e-05	0.0
V3	2:Del:M:1	0.1409610452143324	0.40506296359853977	0.0	0.0	0.4539759911871278	0.0
V3	3:Del:M:1	0.9855408818447795	0.014459118155220498	0.0	0.0	0.0	0.0
V3	3:Del:M:2	0.6727469050362018	0.005646959852124467	0.0	0.0	0.3216061351116737	0.0
V3	4:Del:M:1	0.8643834741803252	0.04345042749879249	0.0	0.0	0.09216609832088228	0.0
V3	4:Del:M:2	0.0014152870089511672	0.9975990439960205	0.0	0.0	0.0009856689950283385	0.0
V3	4:Del:M:3	0.0	0.0	0.0	0.0	1.0	0.0
V3	5:Del:M:1	0.00032984041067790507	0.0006399804615476651	0.0	0.0	0.9990301791277745	0.0
V3	5:Del:M:2	0.0019973982085918548	0.9720041142612834	0.0	0.0	0.025998487530124712	0.0
V3	5:Del:M:3	0.035052125098190785	0.4942525581358679	0.0	0.0	0.47069531676594134	0.0
V3	5:Del:M:4	0.00010021045922407316	3.393184747686612e-05	0.0	0.0	0.999865857693299	0.0
V3	5:Del:M:5	0.927567107962111	0.0724328920378891	0.0	0.0	0.0	0.0
V4	1:Del:C:0	0.0007431127214068838	0.004441827276572044	0.7445449872711046	0.20067669153096107	0.04224745450090814	0.007345926699047327
V4	1:Del:C:1	0.0027857080143025644	0.02859544103267442	0.35205029482803935	0.6003507272715347	0.009703701867929796	0.006514126985519234
V4	1:Del:C:2	0.043852351246555774	0.009133430829947213	0.011246895435830823	0.024797094490685984	0.8925402352517046	0.01842999274527557
V4	1:Del:C:3	4.610598705649692e-06	9.15070345727391e-05	1.3875344867373298e-07	0.00045275124258240207	0.9983528248467631	0.0010981675239274279
V4	1:Del:C:4	0.5905329509420822	0.01781277052245482	0.1811990865017329	0.1738042311039484	0.0	0.03665096092978167
V4	1:Del:C:5	0.8984811375270036	0.003445870957788658	0.014861474221607706	0.0	0.01929418857045645	0.06391732872314333
V4	1:Del:T:0	0.2722516640951827	0.009964600374456725	0.27479358902718853	0.3166482872743167	0.08446840533515412	0.041873453893701215
V4	1:Del:T:1	0.03533062175712579	0.008710992117243382	0.40841026385089657	0.5247726798881688	0.004872775456095807	0.01790266693046967
V4	1:Del:T:2	0.38453691771570603	0.004411658530374399	0.3242676979932238	0.12202797455850947	0.16475575120218636	0.0
V4	1:Del:T:3	0.4890154024807389	0.020504292854486482	0.3261970618906945	0.14221832926913136	0.0	0.022064913504948734
V4	1:Del:T:4	0.7616444758792893	0.00536519146408452	0.22418267100217	0.0002693625935908155	0.008267084316796892	0.00027121474406874356
V4	1:Del:T:5	0.9954123419280542	4.846992456001448e-05	1.6245724422913343e-08	0.00179194634687501	0.0003982674727307983	0.0023489580820556326
V4	1:Ins:C:0	0.06288383009095905	0.0413901519774471	0.009671674447144904	0.8664391894746437	0.0006075013461798098	0.019007652663625446
V4	1:Ins:C:1	0.04049620305010828	6.963108658070004e-07	0.01224973822092368	0.9449199113990665	0.0023213829609916793	1.2068058044050639e-05
V4	1:Ins:C:2	1.0148685036491384e-05	0.04619171046197852	0.015138031514178968	0.9386525030982695	2.595997493091844e-06	5.010243043231043e-06
V4	1:Ins:C:3	4.6774204116250564e-05	2.7425547285588036e-06	4.410811994289374e-06	0.39346722519537153	0.00013530466673429854	0.6063435425670549
V4	1:Ins:C:4	0.8912939554310769	0.02106204715284389	0.0	0.010280204491738132	0.004259823771894963	0.07310396915244613
V4	1:Ins:C:5	0.6403632636072503	0.00015445763234471139	0.003255096883459216	0.01349981015133036	0.043812009955553434	0.298915361770062
V4	1:Ins:T:0	0.10541585596362653	0.0031703009766159383	0.3582159701040542	0.33974091069880624	0.040496901128739334	0.15296006112815783
V4	1:Ins:T:1	0.07333500366345358	0.08266444492996353	0.2850305441202914	0.4617686041709561	0.09720102490206693	3.782132685521293e-07
V4	1:Ins:T:2	0.4085275485072273	0.009063871295043359	0.10074492073533899	0.3365954062080319	0.10720828713394115	0.03785996612041737
V4	1:Ins:T:3	0.41533758197600174	0.016120754362874027	0.0866689747919872	0.23784118766194265	0.08745977359738923	0.15657172760980534
V4	1:Ins:T:4	0.30543786159332187	0.028586622919285813	0.014602029426991936	0.0010359332516555245	0.11263345472428768	0.5377040980844572
V4	1:Ins:T:5	8.428651154655693e-07	0.002370250954492596	0.0002961873437051765	0.00022060208304891602	3.889557588445539e-07	0.9971117277978789
V4	2:Del:R:0	0.0	0.0	0.2606062176229036	0.2761116936202204	0.34055718431761584	0.12272490443926017
V4	2:Del:R:1	0.3031436764530851	0.00690795327373313	0.06144808167713629	0.5689154495137518	0.0044378127156320035	0.05514702636666178
V4	2:Del:R:2	0.578370155756838	0.001001336467569465	0.03866625758267967	0.31063899732261663	0.0	0.07132325287029628
V4	2:Del:R:3	0.9202740532572133	0.0796824638987294	1.2237801552221064e-06	4.074972724850824e-06	1.5910485335495583e-05	2.2273605841510154e-05
V4	2:Del:R:4	0.5156003645945715	3.5129394298617504e-44	0.046125149174029954	0.42177897423622596	0.01647323702661167	2.2274968560889444e-05
V4	2:Del:R:5	0.0011742950922544503	3.821196399543988e-06	0.031120539488476463	0.9675617100569622	4.710869240779873e-05	9.252547349963925e-05
V4	3:Del:R:0	0.012703952414151932	0.0	0.00019689131223532747	0.02911161704461261	0.9579875026931213	3.653587899328515e-08
V4	3:Del:R:1	0.6409668619475493	0.0009216439383170534	0.09944155771245225	0.0	0.07000621641678616	0.18866371998489534
V4	3:Del:R:2	0.3573603741552149	0.04128772122030203	0.02465683912039362	0.022960365810419152	0.4500104128993168	0.10372428679435353
V4	3:Del:R:3	0.44524293575783513	1.6624307984876693e-06	2.2239375027203294e-06	0.5420839633543894	0.0070172103031192245	0.005652004216355149
V4	3:Del:R:4	0.2998356551451968	0.07082758213414182	0.041040098041605806	0.13452928391990662	0.294117665333139	0.15964971542601
V4	3:Del:R:5	0.2998356551451968	0.07082758213414182	0.041040098041605806	0.13452928391990662	0.294117665333139	0.15964971542601
V4	4:Del:R:0	0.0	0.011470024888165675	0.06603845982579104	0.8565321697375856	0.038265819720425046	0.02769352582803278
V4	4:Del:R:1	0.30770906492297023	0.06455014781746157	0.062222639420935213	0.16819762644230601	0.3902242794303504	0.007096241965976641
V4	4:Del:R:2	0.3657841235012547	0.02506097147761953	0.1694163806600828	0.3803279379300403	0.05940769797390694	2.8884570957387125e-06
V4	4:Del:R:3	0.005756036021221265	0.0012615175800330717	0.9769427565024419	0.0023910916711874326	0.005254901281921061	0.008393696943195222
V4	4:Del:R:4	0.2998356551451968	0.07082758213414182	0.041040098041605806	0.13452928391990662	0.294117665333139	0.15964971542601
V4	4:Del:R:5	0.0013267058775339163	0.34727362915388527	4.418363400544345e-05	0.0	0.00015507121707241105	0.6512004101175028
V4	5:Del:R:0	0.008527502475339434	5.503289911899578e-08	0.0002155076442497538	0.9861084900030314	0.005148151881544301	2.929629360263685e-07
V4	5:Del:R:1	0.9210957981496373	0.0020051789788564298	0.057137306582917144	0.0	0.019759805542313463	1.9107462757708195e-06
V4	5:Del:R:2	0.04261129375769639	0.031494361676758745	0.0427433136479348	0.8295347773933834	0.05361468801914466	1.5655050818885827e-06
V4	5:Del:R:3	0.2998356551451968	0.07082758213414182	0.041040098041605806	0.13452928391990662	0.294117665333139	0.15964971542601
V4	5:Del:R:4	0.2998356551451968	0.07082758213414182	0.041040098041605806	0.13452928391990662	0.294117665333139	0.15964971542601
V4	5:Del:R:5	0.2998356551451968	0.07082758213414182	0.041040098041605806	0.13452928391990662	0.294117665333139	0.15964971542601
V4	2:Ins:R:0	0.009201951098335366	0.08241512305606856	0.010529601742360471	0.6929848343996268	0.12969721083426758	0.07517127886934122
V4	2:Ins:R:1	0.04571042096099532	0.0	0.12009091290460865	0.7458797269705641	0.08830503607117107	1.3903092660681773e-05
V4	2:Ins:R:2	0.7960255933985608	3.193358341230893e-06	0.02829113668982095	0.17564684785367082	0.0	3.322869960616981e-05
V4	2:Ins:R:3	0.17327377486985454	3.4189847567999e-06	0.20825872420871647	0.0	0.4077721107926723	0.21069197114399996
V4	2:Ins:R:4	0.621378060943262	0.0	2.820116886192302e-07	0.008352837980595353	0.03157824322569895	0.3386905758387551
V4	2:Ins:R:5	0.6954451269304006	0.00047053259590646844	0.0004829171805858259	0.012846970601293204	0.02219172162554883	0.2685627310662651
V4	3:Ins:R:0	0.4287920425246449	0.00017364010255242426	0.38768938633506295	0.18257335090490984	0.00048125848001179017	0.0002903216528181327
V4	3:Ins:R:1	0.31672023014043654	0.0	0.11679366205180354	0.5081201304595303	0.01926122720305642	0.03910475014517313
V4	3:Ins:R:2	0.00020217302541543987	9.330613228910924e-05	0.2254873680280001	0.00016384687025834576	0.7739047053868576	0.00014860055717936816
V4	3:Ins:R:3	0.000787589653767869	0.0004042813319652829	0.21153735190358725	0.7854551921501752	0.0012288428291301868	0.0005867421313740552
V4	3:Ins:R:4	0.7792578958883705	0.026813874823136814	2.0859409563768392e-05	0.19360182157958133	8.608084717618514e-05	0.00021946745217151943
V4	3:Ins:R:5	0.972322492432475	1.3338009960518884e-06	0.002389068797656156	0.0	0.013315201328424005	0.011971903640448778
V4	4:Ins:R:0	1.6077498064407773e-05	8.0259214591993e-06	1.540395701713538e-06	0.829795371867044	0.1701568940215681	2.209029616241547e-05
V4	4:Ins:R:1	0.3124303047093745	0.0	0.0017546561464972137	0.04626816432658454	0.5312444990262885	0.10830237579125533
V4	4:Ins:R:2	0.0021703246668065587	0.0003336808501057206	0.0002090212520603279	0.0006265645139718059	0.0016717792114234963	0.994988629505632
V4	4:Ins:R:3	0.04947532320989779	0.00011778892878458607	0.08595439483471286	0.00022749512767702222	0.8640996165166167	0.00012538138231119817
V4	4:Ins:R:4	0.6650376679393701	8.01904165451036e-06	0.04423288307040088	0.2905537674248197	0.00014136788308982998	2.6294640664839918e-05
V4	4:Ins:R:5	0.49538298697603533	0.0	0.0	0.0	0.3872724958152738	0.11734451720869087
V4	5:Ins:R:0	0.000843540195338801	0.0002689262575894415	0.00010046317881938832	0.0003197374797020828	0.9980323921169628	0.0004349407715874665
V4	5:Ins:R:1	0.0007444531574447869	0.9405632849335726	0.0004071030717849436	0.025530949558844804	3.403774578380943e-07	0.03275386890089499
V4	5:Ins:R:2	0.2998356551451968	0.07082758213414182	0.041040098041605806	0.13452928391990662	0.294117665333139	0.15964971542601
V4	5:Ins:R:3	0.00044833549147789707	0.00014012654555934945	6.024547094475783e-05	0.00019858841165767784	0.4568350174068391	0.5423176866735213
V4	5:Ins:R:4	0.00459410281075332	0.9834315687739327	0.0006026920278720157	0.0018995285259708324	0.00453212160168909	0.0049399862597820695
V4	5:Ins:R:5	0.43225839247860864	9.846157439323208e-06	1.4006264100604141e-05	0.5676042467693699	1.361036836772683e-05	9.989796211359494e-05
V4	2:Del:M:1	0.006983497635736443	0.008624112005777817	0.13593102365301019	0.7263801554172711	0.009993659190151718	0.11208755209805266
V4	3:Del:M:1	0.1016078861428381	0.0006406377882565667	0.03811425473332663	0.7896513126531165	0.0	0.0699859086824622
V4	3:Del:M:2	0.606228045913321	0.0021868398997485637	0.06332345018870925	0.13072893824644424	0.12877347364771766	0.06875925210405931
V4	4:Del:M:1	0.05954771394842133	0.0012863841055542112	0.065218770277879	0.8711175310677615	0.0028212892318326523	8.311368551299456e-06
V4	4:Del:M:2	1.473065214294245e-05	0.004462224859017404	0.23587807352039114	0.7480946083633182	4.55854576890327e-06	0.011545804059361254
V4	4:Del:M:3	0.0	0.0	0.10047955700957714	0.4494455041738486	0.32098115077034095	0.1290937880462333
V4	5:Del:M:1	6.978134194408637e-07	5.818621978244396e-07	1.9817751101612437e-07	0.9990577460687543	0.0009391432304859973	1.632847631381252e-06
V4	5:Del:M:2	0.0038454854832723987	0.8042157916775744	0.007452226010970445	0.1622455959874875	0.022240900840695244	0.0
V4	5:Del:M:3	0.0010118860909723915	0.006131746225621194	0.0	0.9861625061547609	0.00603774713786773	0.000656114390777838
V4	5:Del:M:4	2.4445426714830734e-06	3.5572144662106993e-07	1.4083174849773568e-06	0.9786087514693765	0.010837873541624595	0.010549166407395854
V4	5:Del:M:5	0.14019707463386835	0.004704867647122614	0.0031632041878649885	0.8065521806345055	0.0	0.045382672896638485
V5	1:Del:C:0	7.703661720015237e-05	0.006312790008723944	0.9909174203029988	0.0011421239020245203	0.0013637213158069984	0.0001869078532455915
V5	1:Del:C:1	0.0005625327675149236	0.07916372091942987	0.912685089058159	0.00665565884359824	0.0006101438675079995	0.0003228545437898322
V5	1:Del:C:2	0.07342323557149139	0.2096484941302447	0.2417560235379687	0.0022793720146212734	0.4653192418563888	0.007573632889285186
