Sample Names	MutationType	ID83A	ID83B	ID83C	ID83D	ID83E	ID83F
V1	1:Del:C:0	0.004139613696879466	0.009148580517507495	0.0	0.0	0.9383069948282918	0.048404810957321236
V1	1:Del:C:1	0.013046458442372705	0.05536373255358738	0.0	0.0	0.905261935901877	0.026327873102163096
V1	1:Del:C:2	0.00010771231851612451	0.9956343233721034	0.0	0.0	0.0005933785845980138	0.0036645857247825727
V1	1:Del:C:3	0.2771871387227428	0.2951454809644249	0.0	0.0	0.4276673803128322	0.0
V1	1:Del:C:4	0.045421362696303064	0.03952944636083565	0.0	0.0	0.650281985171561	0.2647672057713003
V1	1:Del:C:5	0.8565825355078185	0.06149614972526765	0.0	0.0	0.08192131476691396	0.0
V1	1:Del:T:0	0.0017168490299363673	0.0023379189371085657	0.0	0.0	0.9355363386297217	0.060408893403233424
V1	1:Del:T:1	1.0714105290205206e-06	0.0048453068141106805	0.0	0.0	0.9900265958783719	0.005127025896988437
V1	1:Del:T:2	2.529591614271403e-40	0.014573910568510193	0.0	0.0	0.9328777371223324	0.052548352309157574
V1	1:Del:T:3	0.0648613964702471	0.009404047315247596	0.0	0.0	0.8958005413228772	0.029934014891627985
V1	1:Del:T:4	0.020970175674763017	0.11648635434071837	0.0	0.0	0.8238510705884295	0.038692399396089185
V1	1:Del:T:5	0.009636964991146583	0.017883607721217123	0.0	0.0	0.9686547326888789	0.003824694598757397
V1	1:Ins:C:0	0.6584799189761054	0.34077236319668536	0.0	0.0	8.133741319785798e-05	0.0006663804140115519
V1	1:Ins:C:1	0.00023521035856461582	6.647465985529168e-05	0.0	0.0	0.05141604302775025	0.9482822719538299
V1	1:Ins:C:2	0.0002964456797938302	0.0003057118358000615	0.0	0.0	0.07822745302983466	0.9211703894545714
V1	1:Ins:C:3	0.44093303163953024	0.41813839105606504	0.0	0.0	0.14062579153611077	0.000302785768294069
V1	1:Ins:C:4	0.0009325845664120568	0.9990237734620593	0.0	0.0	4.3257464029662415e-05	3.8450749891631317e-07
V1	1:Ins:C:5	0.9552386083260117	0.013279962928806463	0.0	0.0	0.0010542482924778334	0.03042718045270395
V1	1:Ins:T:0	0.3820788160971554	0.07399775641909813	0.0	0.0	0.3817327264591496	0.1621907010245969
V1	1:Ins:T:1	0.028752263829962564	9.208073357624838e-05	0.0	0.0	0.9711556554364611	1.92066275726908e-44
V1	1:Ins:T:2	0.1346346342083624	0.0	0.0	0.0	0.36055391600296177	0.504811449788676
V1	1:Ins:T:3	0.6880543056685892	0.03062066025664178	0.0	0.0	0.2374480805375831	0.04387695353718591
V1	1:Ins:T:4	0.5961585204646604	0.3707797514138299	0.0	0.0	0.013288087803210861	0.01977364031829877
V1	1:Ins:T:5	0.9987875077162941	9.496682327043785e-07	0.0	0.0	0.0005711658545969015	0.0006403767608763358
V1	2:Del:R:0	1.3159683645890275e-05	5.869210524943428e-05	0.0	0.0	0.9999223785894102	5.769621694405127e-06
V1	2:Del:R:1	0.09075400435597006	0.6449062479863559	0.0	0.0	0.26433974765767404	2.288508658427465e-44
V1	2:Del:R:2	0.9591476833396365	3.341806326604402e-05	0.0	0.0	0.040818898597097475	0.0
V1	2:Del:R:3	0.5089911500731441	0.0003539554128527241	0.0	0.0	0.48935901705621015	0.0012958774577929268
V1	2:Del:R:4	0.0	0.00012727689302699857	0.0	0.0	7.4774149991728935e-06	0.9998652456919739
V1	2:Del:R:5	0.3144866234143002	0.18761802332520036	0.0	0.0	0.00031261098636374177	0.49758274227413574
V1	3:Del:R:0	0.6232968265559926	0.041456657913221714	0.0	0.0	0.17930167427111598	0.15594484125966962
V1	3:Del:R:1	0.8543966790865853	7.426356725889897e-07	0.0	0.0	0.1286831042231301	0.016919474054611947
V1	3:Del:R:2	0.04444165547440929	0.30927843876491	0.0	0.0	0.34635231322140914	0.29992759253927165
V1	3:Del:R:3	0.2315717145758816	0.0005395736882737783	0.0	0.0	0.7677717828788999	0.00011692885694463347
V1	3:Del:R:4	0.0013367703230948399	0.0013402557936670674	0.0	0.0	0.9912565718079148	0.006066402075323431
V1	3:Del:R:5	0.23794527826161738	0.35075899025420176	0.0	0.0	0.07153881222192014	0.33975691926226076
V1	4:Del:R:0	0.011038760126074777	0.6266450814180512	0.0	0.0	0.24843293462179092	0.11388322383408306
V1	4:Del:R:1	0.20812683314023614	0.17069817798027873	0.0	0.0	0.4806408981780539	0.14053409070143125
V1	4:Del:R:2	0.23758496224184095	0.5115758801088387	0.0	0.0	0.2507997069540037	3.945069531665278e-05
V1	4:Del:R:3	0.7577079627187342	0.07091467433975744	0.0	0.0	0.02345533002542581	0.14792203291608264
V1	4:Del:R:4	0.27555032488489556	0.623594833316209	0.0	0.0	0.10069382004677772	0.00016102175211762503
V1	4:Del:R:5	0.3641790713522671	0.2517248067400147	0.0	0.0	0.023487087226406807	0.36060903468131134
V1	5:Del:R:0	0.7917451100152207	0.019249465358886404	0.0	0.0	0.04204604195102068	0.14695938267487213
V1	5:Del:R:1	0.194992751966322	0.48733989128775423	0.0	0.0	0.2651438967452765	0.052523460000647275
V1	5:Del:R:2	0.7582589288642809	8.205692957932586e-06	0.0	0.0	3.1883789450033424e-06	0.2417296770638162
V1	5:Del:R:3	0.23794527826161738	0.35075899025420176	0.0	0.0	0.07153881222192014	0.33975691926226076
V1	5:Del:R:4	0.10602572862032052	0.5319048560198213	0.0	0.0	2.772794929428015e-07	0.3620691380803653
V1	5:Del:R:5	0.23794527826161738	0.35075899025420176	0.0	0.0	0.07153881222192014	0.33975691926226076
V1	2:Ins:R:0	0.0	0.7643468529041682	0.0	0.0	0.2356531470958318	1.0191843932009684e-43
V1	2:Ins:R:1	0.197682294114105	0.14516292026941854	0.0	0.0	0.6141246210970961	0.04303016451938049
V1	2:Ins:R:2	0.6820685943688478	0.18460401462108453	0.0	0.0	0.13329856305179283	2.8827958274870388e-05
V1	2:Ins:R:3	0.4501828718969238	0.5189710928044308	0.0	0.0	0.0	0.030846035298645394
V1	2:Ins:R:4	0.8271021646454477	1.6048651921258472e-05	0.0	0.0	0.1728817867026311	0.0
V1	2:Ins:R:5	0.9154784242867641	0.03722648906119715	0.0	0.0	0.0028266388871356065	0.04446844776490306
V1	3:Ins:R:0	6.226170818618689e-05	0.0008696555389980656	0.0	0.0	0.9986290020977887	0.00043908065502709805
V1	3:Ins:R:1	0.3223464882254724	4.983959075595499e-05	0.0	0.0	0.6775954033167858	8.26886698601404e-06
V1	3:Ins:R:2	0.0004586680581992614	0.0009176469218438252	0.0	0.0	0.9979114025703794	0.0007122824495774286
V1	3:Ins:R:3	0.23794527826161738	0.35075899025420176	0.0	0.0	0.07153881222192014	0.33975691926226076
V1	3:Ins:R:4	0.0014339685311521816	0.004546088945994891	0.0	0.0	0.9853147099080537	0.008705232614799212
V1	3:Ins:R:5	0.851356480664271	0.00021785345792132106	0.0	0.0	0.0002754783186882732	0.14815018755911946
V1	4:Ins:R:0	0.010549550390227185	0.9839518377185368	0.0	0.0	0.0002615893402171418	0.005237022551018908
V1	4:Ins:R:1	0.0004855368111317859	0.22013903218751338	0.0	0.0	0.0052310175605021466	0.7741444134408527
V1	4:Ins:R:2	0.16615033498708842	0.3385395634951914	0.0	0.0	0.05818931799322061	0.4371207835244997
V1	4:Ins:R:3	0.000195393904218264	0.999356740829654	0.0	0.0	9.896324691712465e-05	0.0003489020192105796
V1	4:Ins:R:4	9.322349868195525e-08	0.00033892878001370397	0.0	0.0	0.002515765422719145	0.9971452125737684
V1	4:Ins:R:5	0.4223715742261009	0.5541480530653355	0.0	0.0	0.023480372708563617	3.3839122964429215e-44
V1	5:Ins:R:0	0.9964069293107946	0.0009708106974478351	0.0	0.0	0.000630926318453629	0.001991333673303987
V1	5:Ins:R:1	0.9821681067757252	0.0	0.0	0.0	0.011344044058449427	0.006487849165825347
V1	5:Ins:R:2	0.23794527826161738	0.35075899025420176	0.0	0.0	0.07153881222192014	0.33975691926226076
V1	5:Ins:R:3	0.1217088587533805	0.8780822671611416	0.0	0.0	9.450136145287475e-05	0.00011437272402503915
V1	5:Ins:R:4	4.059981333705373e-07	7.700031995823436e-05	0.0	0.0	0.00981750940859545	0.9901050842733129
V1	5:Ins:R:5	0.0	0.9979691277996908	0.0	0.0	0.00024025365806865	0.001790618542240501
V1	2:Del:M:1	1.1519191009222283e-06	3.6098737202619084e-07	0.0	0.0	2.0963487563650543e-07	0.9999982774586514
V1	3:Del:M:1	2.7701266424556523e-06	0.18980781592118995	0.0	0.0	0.042645632459137515	0.76754378149303
V1	3:Del:M:2	0.28192581899564073	0.0	0.0	0.0	0.19247345429389215	0.5256007267104672
V1	4:Del:M:1	0.0674757216278699	0.8999463629019371	0.0	0.0	0.003780567356610501	0.02879734811358251
V1	4:Del:M:2	0.018358910337271744	0.06810114130599373	0.0	0.0	0.8259990794678357	0.0875408688888988
V1	4:Del:M:3	0.16001734296321524	1.5848366984994843e-06	0.0	0.0	0.14250550079416716	0.6974755714059192
V1	5:Del:M:1	0.0024950197033659378	0.9967705550418856	0.0	0.0	0.00010870194948254366	0.0006257233052658718
V1	5:Del:M:2	0.2378578257975993	0.09751183312621567	0.0	0.0	0.1565787709489479	0.5080515701272371
V1	5:Del:M:3	0.0	0.09685579419062529	0.0	0.0	0.25139866319221466	0.65174554261716
V1	5:Del:M:4	0.0	0.0	0.0	0.0	0.0	1.0
V1	5:Del:M:5	0.782547758077114	0.21743050895354651	0.0	0.0	3.1017412626700177e-06	1.863122807683898e-05
V2	1:Del:C:0	0.001248018828240662	1.4054612148997133e-05	0.00444480221734909	0.00029989438181304715	0.9912980936648902	0.0026951362955579864
V2	1:Del:C:1	0.004048639686659901	8.754788993261215e-05	0.009916046269817968	0.0	0.9844388567988446	0.0015089093547449805
V2	1:Del:C:2	0.012864247983111938	0.6059303660812493	0.05144696898759056	0.0005867371670687445	0.2483412669520144	0.08083041282896497
V2	1:Del:C:3	0.14987183590077957	0.0008131804301012331	0.03767544835978178	0.0013297691267423134	0.8103097661825951	0.0
V2	1:Del:C:4	0.01896510017198912	8.410455973825188e-05	0.0004475888464418875	0.008617171057154621	0.9514691234124736	0.02041691195220266
V2	1:Del:C:5	0.6713683234876087	0.00024560849556979264	0.01276156083436237	0.09062242365476618	0.2250020835276931	0.0
V2	1:Del:T:0	0.0005119587334453861	3.552516680498515e-06	0.017007871760148584	0.0015490542321834277	0.9776007021015403	0.0033268606560018276
V2	1:Del:T:1	3.0302025469919043e-07	6.98298099437498e-06	0.018517691669887492	2.945272218019481e-07	0.9812069268337661	0.0002678009678755224
V2	1:Del:T:2	7.695733075383547e-41	2.259329181388514e-05	0.00011297223829312674	0.0023718179130129175	0.9945401188549935	0.002952497701886553
V2	1:Del:T:3	0.02013488155572067	1.4875837254111928e-05	6.8461642750099805e-06	0.003649096073531955	0.9744781369639947	0.0017161634052236252
V2	1:Del:T:4	0.00710678215872825	0.00020116379337226648	0.0021013723281458844	0.009766247463545947	0.9784026944574805	0.002421739798726969
V2	1:Del:T:5	2.950004474604157e-05	2.789596290865718e-07	0.0006670080777502763	0.9889102408997708	0.010390809747529197	2.1622705745718097e-06
V2	1:Ins:C:0	0.5210795319212089	0.001374135861077044	0.47721690649112625	6.4820424558698955e-06	0.00022555363490456794	9.739004922737101e-05
V2	1:Ins:C:1	0.00042113879489121035	6.064971415011106e-07	0.3633923499986245	1.3064582761721182e-05	0.3226008084331212	0.31357203169345976
V2	1:Ins:C:2	0.00031828317810925823	1.6725713055055085e-06	0.43205243167405405	0.09064526581501946	0.29432404652185923	0.18265830023965252
V2	1:Ins:C:3	0.4599379615981912	0.0022225446475272925	0.008964315311458276	0.014785510233030473	0.5140313380773689	5.8330132423801436e-05
V2	1:Ins:C:4	0.14883268552687287	0.812437097406233	0.0059416662764651814	0.008585364226259416	0.024191853540634217	1.133302353524968e-05
V2	1:Ins:C:5	0.974903726196417	6.906381336300493e-05	0.0006661841713415711	0.01485547755435547	0.0037704289760017023	0.005735119288521297
V2	1:Ins:T:0	0.2149934465498921	0.00021217521126663615	0.013860985841605741	0.001364972078446866	0.752713407168632	0.01685501315015662
V2	1:Ins:T:1	0.008194773843365588	1.3373267345742887e-07	0.021849462230035865	2.278652643681492e-07	0.9699554023286607	1.0109901520963245e-45
V2	1:Ins:T:2	0.08660782933623981	0.0	0.03356956202343113	0.007077269074519683	0.8127716954520865	0.05997364411372283
V2	1:Ins:T:3	0.445252341543492	0.00010097221295338649	0.008683293693200707	0.002263618954695422	0.5384559165534863	0.005243857042172098
V2	1:Ins:T:4	0.9102983172418653	0.0028849734578255907	0.009823845401870982	0.00031454239070241244	0.07110210668064154	0.005576214827094269
V2	1:Ins:T:5	0.997807146073215	4.834474204706906e-09	7.513084057749821e-05	9.78354865027686e-09	0.001999556773971403	0.00011815169421324607
V2	2:Del:R:0	3.64489666896393e-06	8.28367950696236e-08	0.029476948683032883	0.0	0.970519028450354	2.951331492105776e-07
V2	2:Del:R:1	0.07338256715384092	0.002657220027517302	0.16126575231483886	0.013684539566517861	0.749009920937285	3.4175159192818143e-45
V2	2:Del:R:2	0.8605924888061828	1.527907893168968e-07	0.0	0.011064606775544831	0.12834275162748304	0.0
V2	2:Del:R:3	0.10338665598124491	3.6635881346465235e-07	0.4267728609866171	0.12147035265832705	0.3483211513897982	4.861262519925615e-05
V2	2:Del:R:4	0.0	2.018788175451532e-06	0.14458822087026083	0.280537523392764	8.156180689744399e-05	0.5747906751419023
V2	2:Del:R:5	0.7566112834525731	0.002300112195495346	0.017363456069780177	7.451806400968987e-07	0.002635559758463518	0.2210888433430477
V2	3:Del:R:0	0.36753321556655	0.00012456607918969823	0.24082667519034362	0.0040365447427563915	0.37049642216235595	0.016982576258804297
V2	3:Del:R:1	0.6412802100795054	2.8403242479059026e-09	0.010714373342255076	0.007199714194215074	0.3384603583738308	0.0023453411698693117
V2	3:Del:R:2	0.0326446000050611	0.001157642856368626	0.017729219571921393	0.016247778224465603	0.8915325640722286	0.040688195269954604
V2	3:Del:R:3	0.05483890064638891	6.511151803973548e-07	0.28245144344176015	0.025566092345159757	0.6371377985093103	5.113942200386769e-06
V2	3:Del:R:4	0.0003845180089509835	1.9644971864431077e-06	0.0001001567503812412	1.0556488862365636e-05	0.9991805327080712	0.0003222715465478604
V2	3:Del:R:5	0.40711709386098	0.003058122557500394	0.037161773526278565	0.016377673800193917	0.4289255992670579	0.10735973698798928
V2	4:Del:R:0	0.009554961364591042	0.002763974951068899	0.21591923247053296	0.0	0.7535564710908345	0.0182053601229727
V2	4:Del:R:1	0.10772390675957202	0.00045021165451040394	0.0021043276895970067	0.004516184427519335	0.8717716402658288	0.013433729202972413
V2	4:Del:R:2	0.21230553971963304	0.0023294654105754193	4.1872797683925915e-07	5.622756566187052e-07	0.7853575031625978	6.510703560374534e-06
V2	4:Del:R:3	0.12020732888493808	5.7328296489937586e-05	0.8619878840560012	0.00037368827893116143	0.013039731188097106	0.004334039295542289
V2	4:Del:R:4	0.4242045352130528	0.004891935436707407	0.027634418776042183	4.028600667260542e-06	0.5432193004954349	4.57814780954456e-05
V2	4:Del:R:5	0.0049179444012979	1.7322017581503613e-05	1.7835935930861906e-05	0.9930360673817311	0.0011114649866740694	0.0008993652767845574
V2	5:Del:R:0	5.002144866882348e-05	6.197169512425247e-09	0.9995256955339721	0.0004132532708215917	9.308806217910638e-06	1.7147431500915803e-06
V2	5:Del:R:1	0.1626608329731988	0.002071573343228044	0.014708992456294883	0.0373909774658021	0.7750757568117073	0.008091866949768918
V2	5:Del:R:2	0.8845048662133611	4.8775506108137183e-08	0.05052449730473299	0.012880843531722976	1.3033186834561706e-05	0.05207671098784207
V2	5:Del:R:3	0.40711709386098	0.003058122557500394	0.037161773526278565	0.016377673800193917	0.4289255992670579	0.10735973698798928
V2	5:Del:R:4	0.6037712169567422	0.015434725974593734	0.0	2.8145534732109996e-07	5.533206595558653e-06	0.38078824240672127
V2	5:Del:R:5	0.40711709386098	0.003058122557500394	0.037161773526278565	0.016377673800193917	0.4289255992670579	0.10735973698798928
V2	2:Ins:R:0	0.0	0.003100813595194246	0.32828663823659193	0.01117790047081485	0.657434647697399	1.4985284624981903e-44
V2	2:Ins:R:1	0.0808543286313507	0.0003025485165002547	0.032995404474227885	0.002379782140980489	0.8802175169094383	0.0032504193275023313
V2	2:Ins:R:2	0.5831776219925843	0.0008042994423191061	0.0	0.016624378319039287	0.39938914808557124	4.55216048603411e-06
V2	2:Ins:R:3	0.9224767713016706	0.005418929090591569	0.055023952648717754	0.005406964754892464	0.0	0.011673382204127598
V2	2:Ins:R:4	0.570282691398117	5.638627685041921e-08	0.0033841135771803164	0.008619870465207603	0.4177132681732181	0.0
V2	2:Ins:R:5	0.9703266314179784	0.000201060030792118	0.002103647305128873	0.008165219931209151	0.010498763726090063	0.008704677588801429
V2	3:Ins:R:0	1.5033151916014356e-05	1.0699909648582402e-06	0.13593223717125383	0.019081741734059667	0.8449503383344443	1.9579617361394763e-05
V2	3:Ins:R:1	0.11188428558616012	8.815043220213598e-08	0.01895615524430845	0.044993127296679564	0.8241658136648535	5.300575661155908e-07
V2	3:Ins:R:2	0.000129644849513443	1.3217101093911729e-06	6.1481090076892085e-06	0.011393806926546785	0.9884318957926291	3.718261219345625e-05
V2	3:Ins:R:3	0.40711709386098	0.003058122557500394	0.037161773526278565	0.016377673800193917	0.4289255992670579	0.10735973698798928
V2	3:Ins:R:4	0.0003330433639697048	5.380255757995328e-06	0.06663197468998946	0.1307305154842956	0.8019256878283831	0.0003733983776042074
V2	3:Ins:R:5	0.7459332642870721	9.726505003311512e-07	0.0	0.22924699331777856	0.0008458122036249233	0.02397295754102417
V2	4:Ins:R:0	0.003670589254391362	0.0017445342797272779	0.9939095718672629	1.9831735004293848e-05	0.0003189479943032492	0.0003365248693108463
V2	4:Ins:R:1	0.0028638643421070318	0.00661654334247347	0.031107219060595413	0.0079882459622825	0.10812209531303277	0.8433020319795088
V2	4:Ins:R:2	0.014572154253277807	0.0001512989092037553	0.001379987478125401	0.9589322423435835	0.017883964562864143	0.007080352452945272
V2	4:Ins:R:3	0.0032097011355859606	0.08365231416816962	0.8087705004570361	0.09761226291604477	0.005696728420688986	0.0010584929024745656
V2	4:Ins:R:4	4.8308537096473e-07	8.949747135488006e-06	0.0	3.0069053297880235e-08	0.04568426340610619	0.9543062736923341
V2	4:Ins:R:5	0.787713187396879	0.005266269425570551	0.04918744684403449	0.004379731740619751	0.15345336459289627	1.165529887971539e-44
V2	5:Ins:R:0	0.5693908920936033	2.8269111484150146e-06	0.4291152315417114	1.746235075802209e-05	0.0012634277623287374	0.00021015934045020803
V2	5:Ins:R:1	0.8125530121053779	0.0	0.1525336684499316	0.0010344674686984733	0.03288756932852841	0.0009912826474635964
V2	5:Ins:R:2	0.40711709386098	0.003058122557500394	0.037161773526278565	0.016377673800193917	0.4289255992670579	0.10735973698798928
V2	5:Ins:R:3	0.961770982856045	0.03535806705331254	6.262372669773983e-05	2.45180593590129e-05	0.002616890437314962	0.00016691786727071582
V2	5:Ins:R:4	1.8687049294501686e-06	1.8059804830122015e-06	9.583127392117944e-07	1.2711688338448539e-06	0.15834925173174294	0.8416448441012716
V2	5:Ins:R:5	0.0	0.012443837480757848	0.9846867789988435	0.0	0.002060162128145318	0.0008092213922534931
V2	2:Del:M:1	6.23078151137695e-06	9.949846507160968e-09	0.000744887030964229	0.0002789680920213677	3.973581023582662e-06	0.9989659305646329
V2	3:Del:M:1	4.829451396363675e-06	0.0016862272205773728	0.4904808267376691	0.0001564847787279525	0.2605377930564127	0.24713383875521655
V2	3:Del:M:2	0.12725833275261897	0.0	0.39437482250931966	0.13009732162610013	0.30445296924654724	0.04381655386541388
V2	4:Del:M:1	0.6483095645412514	0.044061101044006165	0.12605847664970796	0.0031824629009614205	0.1272887043819429	0.05109969048213006
V2	4:Del:M:2	0.005891811580961881	0.00011136793519048994	0.05804008905764764	0.0018456558806189936	0.928922553287946	0.0051885222576348545
V2	4:Del:M:3	0.17547165871273998	8.855809674410475e-09	0.1145896670209029	0.021077267505494178	0.5476077051604551	0.1412536927445981
V2	5:Del:M:1	2.0079282200052723e-05	4.08764557462057e-05	0.9999349022379386	1.4645658670215435e-07	3.065557960105175e-06	9.300095684163373e-07
V2	5:Del:M:2	0.019984680377995966	4.1748503384543414e-05	0.9251940908224183	0.0007949608575344746	0.04610103087032199	0.007883488568344664
V2	5:Del:M:3	0.0	6.911439623085636e-05	0.8504486515781573	0.009259190792785848	0.12336729501740767	0.016855748215418312
V2	5:Del:M:4	0.0	0.0	0.9617439535454346	0.03825409834934006	0.0	1.9481052253626193e-06
V2	5:Del:M:5	0.41980809024458354	0.0005943801032766621	0.5680294449809632	0.01156040774719637	5.831006354165011e-06	1.8459176261811797e-06
V3	1:Del:C:0	0.001168310816910803	0.00743825684372887	0.3932072433915292	0.0011602044786802022	0.5965625755135852	0.00046340895556567374
V3	1:Del:C:1	0.0024934029388731325	0.030482042707268387	0.5771034786829295	0.0	0.38975039162869296	0.00017068404223597304
V3	1:Del:C:2	3.700744852710453e-05	0.985467946583825	0.013986090760440651	6.975531232131834e-06	0.0004592700304725486	4.270964550249947e-05
V3	1:Del:C:3	0.03191247790538069	0.09789093193855823	0.7581074030976828	0.001170161197974628	0.11091902586040361	0.0
V3	1:Del:C:4	0.0249596278585382	0.06257740528506399	0.055666514481001204	0.04686802215106424	0.8049930632548484	0.004935366969483937
V3	1:Del:C:5	0.2648035300405416	0.05476730285781867	0.47566207644410424	0.14771600184792744	0.057051088809608075	0.0
V3	1:Del:T:0	0.0002280201515675369	0.0008945187427838875	0.7158467460090309	0.0028512404534600825	0.27990731776508493	0.00027215687807268267
V3	1:Del:T:1	1.2706870047060124e-07	0.001655475791994186	0.7338133130816051	5.104125189928783e-07	0.2645099471470763	2.062649810481565e-05
V3	1:Del:T:2	1.1432583394242287e-40	0.01897531257748736	0.015859807949562137	0.014561451711457613	0.9497978075009356	0.0008056202605573376
V3	1:Del:T:3	0.030005587140545253	0.012532840523758516	0.0009641224030288324	0.022473323078662528	0.9335543862341157	0.00046974061988925946
V3	1:Del:T:4	0.007184429428057138	0.11496989671084534	0.20074932661984493	0.040801483300620854	0.6358451946925401	0.0004496692480916014
V3	1:Del:T:5	7.096948127899806e-06	3.79407016389171e-05	0.015163933045242288	0.9831839450598805	0.0016069887006693675	9.554444100272657e-08
V3	1:Ins:C:0	0.011231341042393523	0.016744505216004648	0.9720200654943095	5.773888850638204e-07	3.1253013868318263e-06	3.8555702035470347e-07
V3	1:Ins:C:1	1.216939886049939e-05	9.908038348409782e-06	0.9923193602521676	1.5601572281897472e-06	0.005992717437219769	0.0016642847161754666
V3	1:Ins:C:2	7.682880910678045e-06	2.282496405100037e-05	0.9855500351825667	0.009042416142320292	0.004567206362783717	0.0008098344673676257
V3	1:Ins:C:3	0.15564012817314302	0.4251947197202201	0.2866627456353298	0.020677002837913676	0.11182177818510085	3.625448292593145e-06
V3	1:Ins:C:4	0.000323499961215571	0.9983451340682216	0.00122043872218835	7.711939017195265e-05	3.380333372807701e-05	4.524474395207064e-09
V3	1:Ins:C:5	0.8538508065794399	0.03419683098116212	0.05513741239516833	0.053769478914326437	0.002122880270285737	0.000922590859617541
V3	1:Ins:T:0	0.10058487375223762	0.05611993268561098	0.6128206366285435	0.002639126262114696	0.2263870491403003	0.0014483815311928114
V3	1:Ins:T:1	0.0030389414520974917	2.8037412558463594e-05	0.7656987205505971	3.492146339925228e-07	0.2312339513701129	6.886185462143309e-47
V3	1:Ins:T:2	0.02266217479088749	0.0	0.8300837548010742	0.007653129920902895	0.1367185600698716	0.0028823804172638866
V3	1:Ins:T:3	0.26512962161308284	0.033991392738620806	0.48861673658446475	0.005570373413649622	0.20611835466576986	0.0005735209844121322
V3	1:Ins:T:4	0.2587769154532591	0.463658962230824	0.2639095583149725	0.00036953018791366284	0.012993876489628539	0.0002911573234022877
V3	1:Ins:T:5	0.9916421910777636	2.7162683831590363e-06	0.0070559978969513505	4.018220294775513e-08	0.0012774873248630639	2.156724983589176e-05
V3	2:Del:R:0	1.0690328539310778e-06	1.3735490227726346e-05	0.8169964423874351	0.0	0.18298873719046704	1.5899016238859252e-08
V3	2:Del:R:1	0.004228736707248433	0.08656858262191418	0.8781964969020487	0.003258943881724844	0.0277472398870638	3.617218310635577e-47
V3	2:Del:R:2	0.8702425173222508	8.734840233726156e-05	0.0	0.046238919619555674	0.08343121465585626	0.0
V3	2:Del:R:3	0.002511850757748616	5.032120501919452e-06	0.9798462763468063	0.012196313624764917	0.005440310217564996	2.1693261316784146e-07
V3	2:Del:R:4	0.0	7.644589560168125e-05	0.9151938607577698	0.0776547957963336	3.511961028688432e-06	0.007071385589266307
V3	2:Del:R:5	0.20229573215515279	0.34767860976822984	0.4387143983661169	8.233877807538134e-07	0.0004530031776212316	0.010857433145098466
V3	3:Del:R:0	0.015670349012417137	0.0030025960906173775	0.9703277983705534	0.0007112475661197658	0.010155014951248707	0.0001329940090435943
V3	3:Del:R:1	0.3372396380339613	8.444496169061012e-07	0.5324629089919731	0.01564714045165386	0.11442292894019407	0.00022653913260104944
V3	3:Del:R:2	0.010844396540362532	0.21741208415049523	0.5565644533996581	0.022305757080914673	0.19039069657444657	0.00248261225412294
V3	3:Del:R:3	0.002011542509070678	1.3502473716142299e-05	0.9790752717780772	0.003875553849448004	0.015024094935444623	3.445424355733651e-08
V3	3:Del:R:4	0.0005884941242742869	0.0016997768193264702	0.014485633067461881	6.676884867470454e-05	0.9830687343077227	9.05928325397774e-05
V3	3:Del:R:5	0.06772929738723711	0.2876253523728995	0.5842321783785771	0.011260000167747622	0.04587263348105835	0.0032805382124801484
V3	4:Del:R:0	0.0004253398180995094	0.06955946826329973	0.9083019403547388	0.0	0.02156440020307427	0.000148851360787702
V3	4:Del:R:1	0.09427430762710524	0.22274760049568337	0.17403092741342102	0.016333598377415222	0.4904542099501026	0.0021593561362725647
V3	4:Del:R:2	0.1043692328197695	0.6474145801885757	1.9452478858426015e-05	1.1423242427971466e-06	0.2481950043128441	5.878757096479925e-07
V3	4:Del:R:3	0.0014727464808456624	0.0003970828484679504	0.997998794791258	1.8920624656724965e-05	0.0001027022975157427	9.752957256007887e-06
V3	4:Del:R:4	0.06897034398242527	0.4496585402099856	0.42458947841112304	2.706887786512966e-06	0.05677756333614777	1.367172531722806e-06
V3	4:Del:R:5	0.0011933428375828744	0.002376266449157283	0.00040898683477725754	0.9958079433580088	0.0001733771565571531	4.008336391664849e-05
V3	5:Del:R:0	5.295687701989382e-07	3.709151063602164e-08	0.9999812861133394	1.8080537950162646e-05	6.335407642728258e-08	3.3343532393180824e-09
V3	5:Del:R:1	0.048151696073383474	0.34669210830780184	0.41147488346190614	0.045742970436682094	0.14749837101576743	0.00043997070445894623
V3	5:Del:R:2	0.15458228999807844	4.819215416411341e-06	0.8344365519179404	0.009303208672609168	1.4642815993410836e-06	0.0016716659143561129
V3	5:Del:R:3	0.06772929738723711	0.2876253523728995	0.5842321783785771	0.011260000167747622	0.04587263348105835	0.0032805382124801484
V3	5:Del:R:4	0.06423308713111082	0.9283256669299956	0.0	1.2374419693007963e-07	3.7842319626884447e-07	0.007440743771500352
V3	5:Del:R:5	0.06772929738723711	0.2876253523728995	0.5842321783785771	0.011260000167747622	0.04587263348105835	0.0032805382124801484
V3	2:Ins:R:0	0.0	0.05273087422361706	0.9331668067409262	0.0013895156832711695	0.012712803352185605	8.279148887102339e-47
V3	2:Ins:R:1	0.020488897222907504	0.043343640070731125	0.790133678807724	0.002492191768063588	0.1433903052982157	0.00015128683235812789
V3	2:Ins:R:2	0.4277566680914609	0.3335252743687802	0.0	0.05039300987263188	0.18832443438553162	6.132815954234354e-07
V3	2:Ins:R:3	0.10015703328371488	0.3326247229896848	0.5645593522495226	0.0024260988895983323	0.0	0.00023279258747948905
V3	2:Ins:R:4	0.4775172353191623	2.6692381610631236e-05	0.2677784354407397	0.02982830313008899	0.22484933372839835	0.0
V3	2:Ins:R:5	0.7323871991689094	0.08579531705764135	0.15004707394597463	0.025469453619388495	0.0050941934101728205	0.0012067627979134741
V3	3:Ins:R:0	1.116191053385368e-06	4.491419770505457e-05	0.9537680368920177	0.005855115304190223	0.04033055039790553	2.6701712817212067e-07
V3	3:Ins:R:1	0.04271937073073724	1.9028092087917005e-05	0.6839712057942267	0.07099550970544413	0.20229484850470855	3.7172795383184565e-08
V3	3:Ins:R:2	0.00018954705423242802	0.0010924788254435187	0.0008494447548880456	0.0688429662901523	0.9290155780746238	9.985000659924186e-06
V3	3:Ins:R:3	0.06772929738723711	0.2876253523728995	0.5842321783785771	0.011260000167747622	0.04587263348105835	0.0032805382124801484
V3	3:Ins:R:4	4.527535563061307e-05	0.0004135033683312648	0.856003574790744	0.07344580697003808	0.07008251599450462	9.323520751524225e-06
V3	3:Ins:R:5	0.43908688903525445	0.0003236848361793681	0.0	0.5576774588074185	0.0003200655381085463	0.002591901783039232
V3	4:Ins:R:0	3.867248873798843e-05	0.01039108471144043	0.9895665678557284	8.634873726330505e-07	2.1602334270300154e-06	6.512232936284253e-07
V3	4:Ins:R:1	0.000412627836658597	0.5389547296895009	0.423544529651681	0.004756488564257031	0.010014632293768045	0.02231699196413456
V3	4:Ins:R:2	0.0034644060610279854	0.020335547605840585	0.031003589934270055	0.942154005154487	0.002733274844166465	0.0003091764002078311
V3	4:Ins:R:3	2.585719121884315e-05	0.38098664823347794	0.6157066750494519	0.003249750952917823	2.950235882805376e-05	1.5662141054424408e-06
V3	4:Ins:R:4	2.303592960306057e-06	0.02412724123090059	0.0	5.925575812463338e-07	0.14004350031492158	0.8358263623036363
V3	4:Ins:R:5	0.09234681039856088	0.349037349906325	0.5449289393462182	0.0021219260367894696	0.011564974312106381	2.509710500207392e-46
V3	5:Ins:R:0	0.013845943110486245	3.8863260206083355e-05	0.986092749660513	1.754864877322366e-06	1.9750446420512294e-05	9.386574969400097e-07
V3	5:Ins:R:1	0.053273138487615064	0.0	0.9450485113673608	0.0002802866184082823	0.0013861263804438825	1.1937146172156789e-05
V3	5:Ins:R:2	0.06772929738723711	0.2876253523728995	0.5842321783785771	0.011260000167747622	0.04587263348105835	0.0032805382124801484
V3	5:Ins:R:3	0.0458880383628353	0.9537430421723462	0.0002823569875796448	4.834403129312355e-06	8.026530062580373e-05	1.46277348383304e-06
V3	5:Ins:R:4	7.257037075917508e-06	0.0039650321053976	0.00035168810580408897	2.0400968938054324e-05	0.3953202851060108	0.6003353366767735
V3	5:Ins:R:5	0.0	0.07028797529871864	0.9296973076426229	0.0	1.3232062116276683e-05	1.4849965421698986e-06
V3	2:Del:M:1	2.4430351071879956e-05	2.205558652170106e-05	0.27600020642357576	0.004520335454732046	1.0015755913637091e-05	0.719422956428185
V3	3:Del:M:1	1.0163570075441815e-07	0.020062249489110152	0.9754439733733473	1.3609730764706984e-05	0.0035247935897191867	0.0009552721813578765
V3	3:Del:M:2	0.003336864975183784	0.0	0.977222356405707	0.0140977468410746	0.00513200525108214	0.00021102652695246662
V3	4:Del:M:1	0.017253742817096178	0.6629355089237211	0.3170332074310481	0.00035002026440559923	0.0021777360033609977	0.0002497845603680947
V3	4:Del:M:2	0.0009565581560575302	0.010222043904511991	0.8904763876831417	0.0012383465758361236	0.09695194147660423	0.00015472220384842906
V3	4:Del:M:3	0.01529926970304248	4.3652290670550195e-07	0.9441499732417682	0.00759463618592864	0.03069359393484096	0.0022620904115130637
V3	5:Del:M:1	2.124410037319307e-07	0.00024449976088959815	0.9997552587367871	6.403656341777866e-09	2.0850389229170577e-08	1.8072740279198445e-09
V3	5:Del:M:2	0.00022837338374062533	0.00026971446347917117	0.9991091555069571	3.7542481267575726e-05	0.00033866739755463186	1.6546767000894865e-05
V3	5:Del:M:3	0.0	0.0004852229009381455	0.998016294424037	0.000475181700380492	0.000984854883487983	3.8446091156276006e-05
V3	5:Del:M:4	0.0	0.0	0.9982635517613585	0.0017364443084584551	0.0	3.930183084892863e-09
V3	5:Del:M:5	0.0077053889633694585	0.006167697579113165	0.985249946927666	0.0008768915047037567	6.880210904818987e-08	6.2230388030839755e-09
V4	1:Del:C:0	0.0013734665167238996	0.00064541017030131	0.007003856714436264	0.038074499729058145	0.9520938456250407	0.0008089212444395402
V4	1:Del:C:1	0.0045931174306296715	0.004144423281242836	0.016107377555157742	0.0	0.9746882179963544	0.0004668637366154032
V4	1:Del:C:2	0.0005010063628302047	0.9846945996794413	0.002868841167806101	0.0026361576251620034	0.008440851862338821	0.0008585433024216447
V4	1:Del:C:3	0.1364537313979387	0.030893869493686135	0.049114722109163	0.13967239219845778	0.6438652848007543	0.0
V4	1:Del:C:4	0.010233897732711824	0.0018937623320222285	0.0003458223522449516	0.5364380595022104	0.44808373427893106	0.0030047238018795935
V4	1:Del:C:5	0.05914729335843043	0.000902895346011869	0.0016097769228225279	0.9210403126713006	0.0172997217014345	0.0
V4	1:Del:T:0	0.0004839830491874971	0.00014013651776535122	0.023021469447796233	0.16893932512717508	0.806557340500886	0.0008577453571897985
V4	1:Del:T:1	3.4307854822250915e-07	0.00032990034152395717	0.03001902802542738	3.846947704228163e-05	0.9695295672448948	8.269183256340122e-05
V4	1:Del:T:2	6.730018707988148e-41	0.0008244527816755729	0.00014145746856836564	0.2392855963089204	0.7590443122616733	0.0007041811791623549
V4	1:Del:T:3	0.015576315551313972	0.00048019438371678873	7.5831709473259335e-06	0.3256641044223958	0.6579097238660335	0.00036207860559259804
V4	1:Del:T:4	0.0035538911253340947	0.004197598852539002	0.0015046032564932832	0.5634141850251467	0.42699943802303325	0.0003302837174535731
V4	1:Del:T:5	2.585583391465722e-07	1.0202279846747436e-07	8.370566308922785e-06	0.9999117825936984	7.948109023637015e-05	5.1686185565884305e-09
V4	1:Ins:C:0	0.4126782372863393	0.04541059856820784	0.5411420051900103	0.0005922272146168197	0.00015589634408999384	2.1035396735730278e-05
V4	1:Ins:C:1	0.0004735474426877508	2.8456861769748572e-05	0.5850620102006238	0.0016947386222047184	0.3165791034557533	0.09616214341696079
V4	1:Ins:C:2	2.7961625896160907e-05	6.131311446910006e-06	0.05434668541127324	0.9186769054086907	0.022565919194056018	0.004376397048636891
V4	1:Ins:C:3	0.16910421043687435	0.034097745056735906	0.004719110665381138	0.6271341030324639	0.16493898187486716	5.848933677488104e-06
V4	1:Ins:C:4	0.0042439135118998795	0.9666693589747151	0.00024258521870188228	0.028242027258186152	0.0006020269026825761	8.813381441472524e-08
V4	1:Ins:C:5	0.3614267052701243	0.001068388151709849	0.0003536231520731409	0.6353515048221946	0.001219910082315404	0.000579868521582642
V4	1:Ins:T:0	0.20231405370774752	0.008331351806898157	0.018675955178376433	0.14818134576261943	0.6181715726397182	0.004325720904640233
V4	1:Ins:T:1	0.009248996351606247	6.298181365742197e-06	0.035309068537036706	2.9669122325509402e-05	0.9554059678076657	3.1119537248461023e-46
V4	1:Ins:T:2	0.05165012844226678	0.0	0.02866472634161272	0.48691022690973484	0.4230204576887059	0.009754460617679607
V4	1:Ins:T:3	0.37278540971476043	0.0035275612984933683	0.010409384664371456	0.21863765119796777	0.39344261282795295	0.0011973802964538461
V4	1:Ins:T:4	0.7952935845751022	0.10517331468577057	0.01228890343335691	0.03170237942912265	0.05421316416324338	0.0013286537134044915
V4	1:Ins:T:5	0.9981132263859938	2.017913047340682e-07	0.00010760670210798416	1.12901197041526e-06	0.001745603034733089	3.223307389014901e-05
V4	2:Del:R:0	4.099022272615965e-06	3.8872130632562295e-06	0.04746412244118854	0.0	0.9525278008040855	9.051939005088634e-08
V4	2:Del:R:1	0.02771722309626794	0.04187977446933783	0.08721412675438721	0.5962878268375453	0.2469010488424617	3.520431778170751e-46
V4	2:Del:R:2	0.38264535067475947	2.8347584881756735e-06	0.0	0.5675495852589165	0.049802229307835844	0.0
V4	2:Del:R:3	0.006877895925519651	1.0169925129554505e-06	0.04065142544753777	0.9322455968735539	0.020223182760529337	8.820003464754284e-07
V4	2:Del:R:4	0.0	2.573915862334884e-06	0.006325638666118613	0.9888797628667073	2.1749485105687802e-06	0.004789849602801196
V4	2:Del:R:5	0.8047917055608915	0.10208917614763952	0.026444461251051918	9.144104452433026e-05	0.0024465950558160195	0.06413662094007666
V4	3:Del:R:0	0.24320693564240892	0.003439530435693692	0.22817697820080207	0.3081470888378446	0.2139646007905478	0.0030648660927029294
V4	3:Del:R:1	0.3596172579803972	6.64631023444009e-08	0.008602948751106471	0.4657757578120633	0.1656452723734018	0.00035869661992888127
V4	3:Del:R:2	0.011785482852948378	0.017439363309532552	0.009164600126962696	0.6767043188059134	0.28090003122570706	0.004006203678936074
V4	3:Del:R:3	0.013831680853109221	6.852736628862586e-06	0.10200416173416171	0.7439084809479508	0.14024847194858675	3.517795624999113e-07
V4	3:Del:R:4	0.00043998833952296534	9.379850009087098e-05	0.0001640939542128647	0.001393519059300048	0.997808028626632	0.00010057152024114233
V4	3:Del:R:5	0.14131416941760655	0.04429362853397365	0.01846931029659534	0.6558243331647646	0.12993522030822652	0.010163338278833268
V4	4:Del:R:0	0.008712787165600262	0.1051676750901108	0.28190798066857675	0.0	0.5996840825673365	0.004527474508375652
V4	4:Del:R:1	0.07612947907476666	0.013276313419168543	0.0021293252573194735	0.3681979520649033	0.5376777282550387	0.002589201928803378
V4	4:Del:R:2	0.21337713432168604	0.09769285873219741	6.02568470658428e-07	6.519357097070129e-05	0.6888624261978216	1.7846088536087053e-06
V4	4:Del:R:3	0.08510364319074966	0.0016935820521864374	0.8737883292587941	0.030520779286392106	0.008056833555853852	0.0008368326560239179
V4	4:Del:R:4	0.3713084329980079	0.1786735319924491	0.03463360609466907	0.0004068016097756515	0.4149666983690347	1.0928936063664055e-05
V4	4:Del:R:5	4.29263110438161e-05	6.308969516095012e-06	2.2290701190019367e-07	0.9999399341694664	8.466702257830787e-06	2.140940704065836e-06
V4	5:Del:R:0	3.382404786109889e-05	1.7485686635046277e-07	0.9677231964859933	0.032236994975765196	5.4934079608302124e-06	3.1622555335586415e-07
V4	5:Del:R:1	0.030910254281494683	0.016426305668654394	0.004002122558067193	0.8197007666606527	0.12854118128588404	0.0004193695452469919
V4	5:Del:R:2	0.35998741463123596	8.283404623993388e-07	0.029442654684996624	0.6047840555158136	4.629309958096073e-06	0.005780417517533225
V4	5:Del:R:3	0.14131416941760655	0.04429362853397365	0.01846931029659534	0.6558243331647646	0.12993522030822652	0.010163338278833268
V4	5:Del:R:4	0.4466725256136725	0.47647021652902216	0.0	2.402123190036355e-05	3.572500256499083e-06	0.07682966412514838
V4	5:Del:R:5	0.14131416941760655	0.04429362853397365	0.01846931029659534	0.6558243331647646	0.12993522030822652	0.010163338278833268
V4	2:Ins:R:0	0.0	0.052538864425558586	0.19086491421686225	0.5236175533473514	0.23297866801022785	1.6595050853677056e-45
V4	2:Ins:R:1	0.06826958757192712	0.010659553951527494	0.03989011913640541	0.23180891908254314	0.6486233199810196	0.0007485002765770725
V4	2:Ins:R:2	0.20227123288799753	0.011640484017887526	0.0	0.6651929249786737	0.12089492751010737	4.306053339608055e-07
V4	2:Ins:R:3	0.4974720175669849	0.12194013918645767	0.04248668781956314	0.33638428115460656	0.0	0.0017168742723876476
V4	2:Ins:R:4	0.29485690386337793	1.216506769815178e-06	0.0025052663993996908	0.5141511207777655	0.18848549245268706	0.0
V4	2:Ins:R:5	0.5014000580197854	0.0043352303046284785	0.001556421530966951	0.486746965501087	0.004734598309584174	0.001226726333947935
V4	3:Ins:R:0	4.797642560397474e-06	1.4248788927564442e-05	0.06211381151539583	0.7025298676578893	0.2353355702342664	1.70416096058504e-06
V4	3:Ins:R:1	0.018496717046577887	6.080930029923775e-07	0.004487078728971694	0.858105483328453	0.11891008890413542	2.3898859028910058e-08
V4	3:Ins:R:2	5.954478548341212e-05	2.5330553473737524e-05	4.04313180164909e-06	0.6037070671623659	0.39619935682322627	4.657543649049715e-06
V4	3:Ins:R:3	0.14131416941760655	0.04429362853397365	0.01846931029659534	0.6558243331647646	0.12993522030822652	0.010163338278833268
V4	3:Ins:R:4	2.0975840185551965e-05	1.4139742554487065e-05	0.0060088192180271114	0.9498706999763116	0.04407895136142866	6.413861492509078e-06
V4	3:Ins:R:5	0.027424000062851808	1.4921333649596894e-06	0.0	0.9723069990466198	2.71383426452162e-05	0.00024037041451817543
V4	4:Ins:R:0	0.0024434415182966957	0.048458020372012404	0.9473291612197852	0.001522985637479836	0.00018529537673366684	6.109587569227077e-05
V4	4:Ins:R:1	0.0018248151203408933	0.17592096184104147	0.028380202455442184	0.587201010427615	0.06012560092652477	0.14654740922903559
V4	4:Ins:R:2	0.00013167651623419288	5.70479923796612e-05	1.7854495644891576e-05	0.999634937092853	0.0001410350044585548	1.7448898429707162e-05
V4	4:Ins:R:3	0.00020164009305806942	0.21928567072403182	0.07274873876957759	0.7074334830333948	0.00031233191002602893	1.8135469911676734e-05
V4	4:Ins:R:4	1.607537553554991e-06	0.0012427048876854402	0.0	1.1543192357846734e-05	0.13267295917592872	0.8660711852064744
V4	4:Ins:R:5	0.45875361270529774	0.1279777456231097	0.041016021726802	0.2942576950562294	0.077994924888561	1.851242727490865e-45
V4	5:Ins:R:0	0.47964931720922155	9.936775398989987e-05	0.517577177338986	0.0016970121784799757	0.0009288429268420759	4.828259248058719e-05
V4	5:Ins:R:1	0.6890330542349873	0.0	0.18520040836597867	0.10119851193643703	0.024338772780556798	0.000229252682040306
V4	5:Ins:R:2	0.14131416941760655	0.04429362853397365	0.01846931029659534	0.6558243331647646	0.12993522030822652	0.010163338278833268
V4	5:Ins:R:3	0.39377882003835446	0.6040726856654548	3.671195098407516e-05	0.0011580724026649155	0.0009350713943967778	1.8638548144891626e-05
V4	5:Ins:R:4	5.078548198119212e-06	0.00020480091861446926	3.7290137236260316e-06	0.0003985391779184285	0.375572176220113	0.6238156761214323
V4	5:Ins:R:5	0.0	0.2688787082657973	0.7300759832165776	0.0	0.0009310264716675243	0.00011428204595751788
