Sample Names	MutationType	ID83A	ID83B	ID83C	ID83D	ID83E	ID83F
V1	1:Del:C:0	0.016150593567206623	6.761230758753037e-06	0.01089077431027605	0.9186616796370438	0.053544502044426526	0.0007456892102883054
V1	1:Del:C:1	0.0014701023083714007	0.0006204655008618965	0.001959621218519664	0.7950452878406652	0.19400478950438446	0.006899733627197406
V1	1:Del:C:2	0.04429057836557436	0.003810414778615058	0.06364764777913959	0.18564840319975928	0.658307038267883	0.044295917609028825
V1	1:Del:C:3	0.045014583859908926	0.006631099197694131	0.024028847464406675	0.256748184612599	0.6347631762217119	0.0328141086436795
V1	1:Del:C:4	0.15910682281315786	0.010656809078365736	0.03973122025043671	0.7288686906378039	0.04143485728544716	0.020201599934788636
V1	1:Del:C:5	0.7466658863324173	0.02845997836662582	0.09573689936039746	0.12866922036039324	0.0	0.00046801558016623803
V1	1:Del:T:0	0.03377261296676745	0.0011657137053838551	0.0046060470626147	0.6995794414478569	0.2597992923113726	0.001076892506004484
V1	1:Del:T:1	2.440714773621787e-06	0.0	0.001385247386766429	0.767831568217088	0.23077962401910504	1.1196622668778137e-06
V1	1:Del:T:2	0.03219475282043668	0.0010961811723026883	0.012985841724614467	0.8438396220597034	0.10232646313279856	0.007557139090144194
V1	1:Del:T:3	0.10855238822129265	0.0018592107785274938	0.032819038560814154	0.7171599215627811	0.13942236949130118	0.0001870713852834438
V1	1:Del:T:4	0.33288527336706236	0.0006062540117020408	0.24270219423912698	0.42380627838210855	0.0	0.0
V1	1:Del:T:5	0.952215070463099	2.460638363439536e-05	0.0006795999041121461	0.0011244092185418366	0.0038352972313189207	0.042121016799293885
V1	1:Ins:C:0	0.03857301438385763	3.8169072597085244e-06	6.282411519358583e-07	2.9196393037191243e-05	0.9572714109967931	0.00412193307790031
V1	1:Ins:C:1	1.0654883312855316e-06	0.006373534993895968	0.032862042283968586	0.25433112250914913	0.704422832467054	0.0020094022576010806
V1	1:Ins:C:2	7.271439099380941e-06	0.00991707340444722	0.141568568138116	0.1332000210151052	0.5876150705136107	0.12769199548962146
V1	1:Ins:C:3	0.5214090555698319	0.039228543186570076	0.16065351237226402	0.15311264287167917	0.0	0.12559624599965485
V1	1:Ins:C:4	0.5115784638933795	0.049206312322325536	0.0719541563865229	0.028351507634401873	0.33890955976337017	0.0
V1	1:Ins:C:5	0.5111959571839854	0.283468491536984	0.13505691013962484	0.014822960365529216	0.02901515636822323	0.026440524405653337
V1	1:Ins:T:0	0.06897931206376642	0.0063024179429531655	0.06084092031965537	0.7939269728497949	0.06403081499034338	0.005919561833486749
V1	1:Ins:T:1	0.0007782823083232765	0.0	0.02397484346922377	0.5873752593477102	0.3852353526016022	0.002636262273140534
V1	1:Ins:T:2	0.19059964570350638	0.018343536010332954	0.11433622715191794	0.6030944110100429	0.07362618012419968	0.0
V1	1:Ins:T:3	0.29684706678754214	0.07628003726574863	0.04492177302391564	0.002899094371288389	0.5678509001087676	0.011201128442737707
V1	1:Ins:T:4	0.10663069718907177	0.02162515226941189	0.8108555265087583	0.02915814668366185	0.02797202544971417	0.0037584518993820284
V1	1:Ins:T:5	0.017425672368229325	0.9715663161516804	0.001561441501498697	0.003676621577139377	0.00025785261064124003	0.005512095790811004
V1	2:Del:R:0	0.0	6.057118334072981e-40	0.01932157381453353	0.4800397179830256	0.4999980408260113	0.0006406673764297335
V1	2:Del:R:1	0.09940170434268546	0.0007061104913720173	0.02180026287386618	0.21083015646629102	0.6638012617008594	0.0034605041249259586
V1	2:Del:R:2	0.3658671075900389	0.02900549710552099	0.021113749543952762	0.04240807359280398	0.5258410531948849	0.015764518972798496
V1	2:Del:R:3	0.550075596804427	0.129352650058672	0.004801043266469455	0.22867554286015693	0.08709516701027459	0.0
V1	2:Del:R:4	0.11731544373425909	4.7436672954081113e-07	0.07437135614842019	0.0	0.8083113851025637	1.3406480274854062e-06
V1	2:Del:R:5	6.249714795293576e-07	0.00022846914213113124	2.1860351753549276e-05	2.218769848775077e-05	0.9997139986985362	1.2859137611912373e-05
V1	3:Del:R:0	0.0012671882080688235	0.0021284455307847188	0.0	0.07614798104132663	0.9168929783497709	0.0035634068700489733
V1	3:Del:R:1	0.3282914420769964	0.009991425477167871	0.1692977712415846	0.2991896768041523	0.16846606873413458	0.024763615665964186
V1	3:Del:R:2	0.22412322529575054	0.021755949706083993	0.035961640449329486	0.2380592667978368	0.48009991775099914	0.0
V1	3:Del:R:3	0.07088753188842108	0.07365417887324047	4.577186091764023e-06	0.782018841845085	0.0	0.07343487020716165
V1	3:Del:R:4	0.06569622949176994	0.029286872592167695	0.23238928568026757	0.23584652864914799	0.389277343900899	0.04750373968574775
V1	3:Del:R:5	0.06569622949176994	0.029286872592167695	0.23238928568026757	0.23584652864914799	0.389277343900899	0.04750373968574775
V1	4:Del:R:0	0.018406002673614533	6.299068905413584e-08	0.027439837739048078	2.3785075220895034e-08	0.9530312416502003	0.001122831161372863
V1	4:Del:R:1	0.22418903551892805	0.007694620297092035	0.002651900640446146	0.6303111796972404	0.13515299830347602	2.655428174362369e-07
V1	4:Del:R:2	0.044326528066156924	0.022504462961587576	1.6816160318736725e-06	0.8111967676032283	0.05771516439330266	0.06425539535969257
V1	4:Del:R:3	0.06569622949176994	0.029286872592167695	0.23238928568026757	0.23584652864914799	0.389277343900899	0.04750373968574775
V1	4:Del:R:4	0.0641300604076738	8.767065678573622e-05	0.1233243906270613	0.3060463727666877	0.506245540547911	0.00016596499388045932
V1	4:Del:R:5	0.07235391093007228	9.527250136207387e-07	0.0018791774892678956	0.108951928753783	0.0038824520047408915	0.8129315780971222
V1	5:Del:R:0	7.866247283587429e-08	2.050203093212918e-08	0.000980814078554586	0.0030998132298123296	0.9953817767546538	0.0005374967724756295
V1	5:Del:R:1	0.990537156902699	0.000568536830032428	0.008720810425141319	3.748229261146032e-05	0.00013445153523689233	1.5620142789163602e-06
V1	5:Del:R:2	7.103703007070036e-05	0.0006560378794703817	0.9965591984611621	0.002713602729458814	0.0	1.2389983800126802e-07
V1	5:Del:R:3	0.3227015618558503	2.0044960706790965e-05	0.0002727774942801136	0.0003770723398161502	0.6766197529553616	8.790393984986102e-06
V1	5:Del:R:4	0.06569622949176994	0.029286872592167695	0.23238928568026757	0.23584652864914799	0.389277343900899	0.04750373968574775
V1	5:Del:R:5	0.040132309195842	9.599224024955281e-06	0.0123820587392295	0.00012702343363975137	1.5118969585733556e-05	0.947333890437678
V1	2:Ins:R:0	0.2845628315315367	0.0	0.03911334793855592	0.4360466765894209	0.1574759199762923	0.08280122396419418
V1	2:Ins:R:1	0.0	4.4447888430446763e-07	1.6783021572160787e-05	0.4060009102776233	0.5885083436988967	0.005473518523023519
V1	2:Ins:R:2	0.6276936324979754	2.8878273645925722e-06	0.00015020201190572624	5.9027806654420176e-05	0.3491768724888927	0.022917377367207316
V1	2:Ins:R:3	0.003038754400189119	1.3790929686483267e-08	0.9832800197818028	0.0	0.013066719780291725	0.0006144922467867566
V1	2:Ins:R:4	0.1077826592529782	0.06248609968623785	0.2130508995270738	0.5736566161322285	0.033788092270806154	0.009235633130675448
V1	2:Ins:R:5	0.7995250509268835	0.07804084796101905	0.0025799923716270565	0.09439458290481471	0.016923257525442863	0.008536268310212796
V1	3:Ins:R:0	1.2619851837203152e-05	0.0034555909351571537	0.0002763541510386364	0.13642299868167754	0.8352542700694425	0.024578166310847003
V1	3:Ins:R:1	0.3525578598354272	0.011540769168582817	0.0	0.6348641108496624	0.0	0.0010372601463275483
V1	3:Ins:R:2	1.5507045726709985e-05	7.575669684104547e-06	5.900846169258408e-05	0.5068017554133434	0.4930833747071847	3.277870236849283e-05
V1	3:Ins:R:3	0.06569622949176994	0.029286872592167695	0.23238928568026757	0.23584652864914799	0.389277343900899	0.04750373968574775
V1	3:Ins:R:4	0.038619867554420345	0.02174647170295429	0.00012213504515039332	0.9389438315662026	0.0004686411062505736	9.905302502165113e-05
V1	3:Ins:R:5	0.2206842410775427	0.08114378072710236	0.07145106366376378	0.4946542058576479	0.12451228908679501	0.007554419587148119
V1	4:Ins:R:0	0.0	0.09823203205373061	4.914901112470129e-05	4.9039266397949106e-05	0.8194936703243236	0.08217610934442313
V1	4:Ins:R:1	0.10355935264576634	3.389057893593766e-07	6.503429972841844e-06	1.3359483850947352e-06	1.8669402186442797e-05	0.8964137996678999
V1	4:Ins:R:2	0.06569622949176994	0.029286872592167695	0.23238928568026757	0.23584652864914799	0.389277343900899	0.04750373968574775
V1	4:Ins:R:3	0.06569622949176994	0.029286872592167695	0.23238928568026757	0.23584652864914799	0.389277343900899	0.04750373968574775
V1	4:Ins:R:4	0.6365410972078235	0.008143543288905339	0.1719206485405936	0.159040167762043	2.8018727381359485e-05	0.02432652447325328
V1	4:Ins:R:5	0.6269547683915088	0.0019374205408965053	5.981844235129844e-07	5.357397324677895e-07	0.3704416592220603	0.0006650179213785248
V1	5:Ins:R:0	3.6884297487344344e-06	1.2037066989597808e-06	0.7689708820848458	0.0	0.21382582416429757	0.017198401614408946
V1	5:Ins:R:1	0.016734748246438412	0.006473699374883985	0.0	0.02389856105969677	0.9505930113433151	0.002299979975665713
V1	5:Ins:R:2	1.0381758585147321e-06	0.2057164499704212	0.00014181128138224475	0.7941325041007932	0.0	8.196471544787708e-06
V1	5:Ins:R:3	0.4639262468283393	0.17737286381018808	0.3577775777383336	0.00011673219685766604	0.0008065794262816534	0.0
V1	5:Ins:R:4	1.6956776175149562e-05	0.3521434825705617	0.6463008435709167	0.00020609598073403356	3.285011193842312e-05	0.0012997709896741272
V1	5:Ins:R:5	0.3791345587525604	0.005906332310905962	0.0	0.023161922623213715	1.4077730780700453e-05	0.5917831085825391
V1	2:Del:M:1	0.03002068408693693	0.007207130815972416	0.03055364901547762	0.1354021544604014	0.7810270610693801	0.01578932055183153
V1	3:Del:M:1	0.04210042466866887	0.0012658203311094029	0.0	0.21284703420008694	0.7262839578896682	0.01750276291046665
V1	3:Del:M:2	0.20137251357595548	0.02926696946315258	0.2101649509466439	0.1133743453797208	0.41848223159414627	0.027338989040381064
V1	4:Del:M:1	0.0	1.1929832716500774e-08	0.8858678259360789	0.00219039072109139	0.1118851711360499	5.660027694722054e-05
V1	4:Del:M:2	0.006997634755487772	0.0012525470722313731	0.8552436046453018	0.08671651924515512	0.04312893196729343	0.006660762314530411
V1	4:Del:M:3	0.031100621770668677	0.002480336955590015	0.12347213235196196	0.21888902203483246	0.6139458884809411	0.010111998406005816
V1	5:Del:M:1	2.6557449109437064e-07	5.4417656292291225e-08	5.241162905236362e-07	9.077564436364495e-07	0.9999720191625104	2.6228972607953848e-05
V1	5:Del:M:2	0.0011186011127235107	1.824640370970704e-05	0.0008178139826640234	1.1772941373035463e-07	0.996819393819196	0.0012258269522928632
V1	5:Del:M:3	0.0020086626038247966	0.00045961700401662183	0.0	0.01089038600957976	0.9859769830228098	0.0006643513597691185
V1	5:Del:M:4	0.0	0.0038494304217369514	0.004261909132825378	0.0	0.9885423365655981	0.0033463238798396556
V1	5:Del:M:5	0.0183446966539501	0.00045001466579332113	0.0	0.0008964672547049599	0.9754864219062613	0.004822399519290287
V2	1:Del:C:0	0.06487425425536403	0.0019364183023216095	0.055512715155670404	0.5658170997546595	0.289814032296412	0.02204548023557244
V2	1:Del:C:1	0.003048098003694429	0.0917251721874869	0.005155886175700954	0.2527608527244347	0.5420189289666789	0.10529106194200404
V2	1:Del:C:2	0.027034870224546394	0.16583443688718227	0.04929979535619971	0.017375636908430997	0.5414546290725023	0.1990006315511383
V2	1:Del:C:3	0.02672264198695388	0.28067336943308846	0.01810126452188827	0.02337061344530284	0.5077600326703442	0.14337207794242238
V2	1:Del:C:4	0.12375777516223102	0.591017587709353	0.039216191459884385	0.08692997642334159	0.04342803430004848	0.11565043494514156
V2	1:Del:C:5	0.25566170009117056	0.6948058370552092	0.04159762557140254	0.006755392840488955	0.0	0.0011794444417286907
V2	1:Del:T:0	0.05743635044228769	0.14135253646826168	0.009940319999649961	0.18242980291307398	0.5953615348818798	0.013479455294846811
V2	1:Del:T:1	5.669851917007567e-06	0.0	0.004083493293748057	0.2734999346067017	0.7223917588269488	1.914342068432971e-05
V2	1:Del:T:2	0.07158801459714076	0.1737909235885011	0.03664166070586494	0.2877078512198038	0.3065941196952595	0.12367743019343001
V2	1:Del:T:3	0.186525798962712	0.22778109931229687	0.07156080233734718	0.18895227023835476	0.3228141927850543	0.002365836364235005
V2	1:Del:T:4	0.4443948045157229	0.05770567766434312	0.4111477460444164	0.08675177177551752	0.0	0.0
V2	1:Del:T:5	0.7496676503970076	0.0013812460229000775	0.0006789485257514889	0.000135735889865007	0.004068678573642029	0.24406774059083383
V2	1:Ins:C:0	0.028381565581372475	0.00020024141560777338	5.86582322319909e-07	3.2939617173815274e-06	0.9490923938692416	0.02232191858973837
V2	1:Ins:C:1	7.10745592168765e-07	0.3031345104698941	0.027816971657498607	0.02601366613624112	0.6331688436985929	0.009865297292181135
V2	1:Ins:C:2	2.7556128958372737e-06	0.2679605713118046	0.06807920846268274	0.0077399598476769	0.30006227520478934	0.35615522956015055
V2	1:Ins:C:3	0.11664283505813032	0.6257072792059718	0.045605743789762926	0.005252029141820776	0.0	0.20679211280431428
V2	1:Ins:C:4	0.11188608914985262	0.7673158848793851	0.019969608321943024	0.00095077242033994	0.09987764522847925	0.0
V2	1:Ins:C:5	0.024193065918026734	0.9565282935063041	0.008110920200642515	0.00010756600086820811	0.001850329396562191	0.009209824977596268
V2	1:Ins:T:0	0.08142705911159526	0.5304526467175495	0.09113715905764284	0.14370339377905803	0.10184965342446647	0.05143008790968795
V2	1:Ins:T:1	0.001179638254137564	0.0	0.046112353719319	0.13650982696262332	0.7867893259098244	0.029408855154095866
V2	1:Ins:T:2	0.10385394021361752	0.712645382875986	0.07905595100538071	0.05038749522957752	0.05405723067543828	0.0
V2	1:Ins:T:3	0.04470138994413616	0.8190090331122184	0.0085841040918884	6.694022920511648e-05	0.11522407195115952	0.012414460671392458
V2	1:Ins:T:4	0.03881323853188937	0.5612370542572861	0.37453372875545676	0.0016273993037610795	0.013719623144548452	0.010068956007058278
V2	1:Ins:T:5	0.00025133097085261604	0.999121820567556	2.8578011298444835e-05	8.13096278143107e-06	5.0112795748696636e-06	0.0005851282079366606
V2	2:Del:R:0	0.0	5.561250224589872e-38	0.031572514208664464	0.0947830319760065	0.8675725166000068	0.006071937215322256
V2	2:Del:R:1	0.08799233621333633	0.044566980594781674	0.02448852169993245	0.028616751063471946	0.791789477890492	0.022545932537985626
V2	2:Del:R:2	0.11114369424239968	0.628248273427285	0.008139104925771499	0.00197536148948837	0.2152467411959521	0.03524682471910331
V2	2:Del:R:3	0.05538732829298473	0.9286517863652898	0.0006134419597549049	0.003530565993555353	0.01181687738841504	0.0
V2	2:Del:R:4	0.0901793154551652	2.5998931394453e-05	0.07254496379167437	0.0	0.8372421370182561	7.5848035098331566e-06
V2	2:Del:R:5	4.5835636217966534e-07	0.011947035272657516	2.034464104684485e-05	2.4951226440796385e-06	0.9879602549005315	6.941170675784779e-05
V2	3:Del:R:0	0.0008883707592318035	0.1063910763981539	0.0	0.008185554463132542	0.8661486129587533	0.018386385420728443
V2	3:Del:R:1	0.19191003161955375	0.41644255145797104	0.12558540685223016	0.026817685719873988	0.13270008215945464	0.10654424219091645
V2	3:Del:R:2	0.08949244718188318	0.619394146002523	0.018221697632997066	0.014575423724600642	0.2583162854579961	0.0
V2	3:Del:R:3	0.011848502034242028	0.8777695556859663	9.708273041117764e-07	0.020042292027605792	0.0	0.09033867942488194
V2	3:Del:R:4	0.019557825999242145	0.6216453092817589	0.08779020335422479	0.010765797299395261	0.1561564389234758	0.10408442514190304
V2	3:Del:R:5	0.019557825999242145	0.6216453092817589	0.08779020335422479	0.010765797299395261	0.1561564389234758	0.10408442514190304
V2	4:Del:R:0	0.01367784236923128	3.337520965982394e-06	0.025875543061822742	2.7101867630736888e-09	0.9543021147291739	0.006141159608619231
V2	4:Del:R:1	0.21251242271173976	0.520051888061358	0.0031898996635187932	0.09161393576164317	0.17263000119889377	1.8526028465054548e-06
V2	4:Del:R:2	0.019073624725591046	0.6904427935902565	9.182187938686495e-07	0.05352199659731695	0.033464172455016136	0.20349649441302542
V2	4:Del:R:3	0.019557825999242145	0.6216453092817589	0.08779020335422479	0.010765797299395261	0.1561564389234758	0.10408442514190304
V2	4:Del:R:4	0.06699916063050974	0.006530576223366765	0.16349576655845413	0.0490265718403836	0.7126717738755999	0.0012761508716859114
V2	4:Del:R:5	0.011900470227345953	1.1172727557180051e-05	0.00039221096713559886	0.002747727188632233	0.0008604563458905958	0.9840879625434384
V2	5:Del:R:0	5.840133986190275e-08	1.0852795769617246e-06	0.0009240420352534553	0.0003528802241249505	0.9957849006196746	0.0029370334400301277
V2	5:Del:R:1	0.9503026226310751	0.038890120607127376	0.010616902352871205	5.513836451407922e-06	0.00017381111957623992	1.1029452898823378e-05
V2	5:Del:R:2	5.4149740646093954e-05	0.03565578733694358	0.9639721961024251	0.0003171716994194069	0.0	6.951205657341949e-07
V2	5:Del:R:3	0.26101625391553096	0.0011560090237066208	0.00027997860252479753	4.6765732144645966e-05	0.7374486624965251	5.2330229567922494e-05
V2	5:Del:R:4	0.019557825999242145	0.6216453092817589	0.08779020335422479	0.010765797299395261	0.1561564389234758	0.10408442514190304
V2	5:Del:R:5	0.005709576767841002	9.737229903991486e-05	0.002235385593838736	2.770959589236121e-06	2.8983617885657324e-06	0.9919519960179027
V2	2:Ins:R:0	0.2327391256421008	0.0	0.04059439160046178	0.05468406395298627	0.17355055784215484	0.4984318609622963
V2	2:Ins:R:1	0.0	3.538592957424507e-05	2.3779894231448303e-05	0.06951099886376798	0.8854482920454969	0.04498154326692941
V2	2:Ins:R:2	0.4953085131115938	0.00016247585335730556	0.00015040200994418182	7.1420237894020435e-06	0.37127369064878646	0.1330977763525289
V2	2:Ins:R:3	0.0023872351592084725	7.724718738538099e-07	0.980226945288343	0.0	0.013832058403953473	0.0035529886766212737
V2	2:Ins:R:4	0.021407283039573528	0.8848824951176426	0.05369648403558878	0.017470335307871104	0.00904267585253637	0.013500726646787638
V2	2:Ins:R:5	0.12362739510053936	0.8603876190131854	0.0005062335049188658	0.002238031998286117	0.003526040051394063	0.009714680331676136
V2	3:Ins:R:0	8.017468418349781e-06	0.15652901692378604	0.00022279160126869902	0.013289454976313746	0.7150268351415165	0.11492388388869663
V2	3:Ins:R:1	0.27535090664413514	0.6426587043377315	0.0	0.0760279820508932	0.0	0.005962406967240054
V2	3:Ins:R:2	2.087088984739662e-05	0.0007269799922710812	0.00010078038480228423	0.10458913853592969	0.894237530809453	0.0003246993876964972
V2	3:Ins:R:3	0.019557825999242145	0.6216453092817589	0.08779020335422479	0.010765797299395261	0.1561564389234758	0.10408442514190304
V2	3:Ins:R:4	0.02226403523310203	0.89386397507757	8.934766735070199e-05	0.08299831788634641	0.00036404419903180563	0.0004202799365992057
V2	3:Ins:R:5	0.03450277922378124	0.904539478620595	0.014175594345079551	0.01185826197618285	0.02623104606242346	0.008692839771937771
V2	4:Ins:R:0	0.0	0.8038427657666	7.158022427474629e-06	8.629964146660071e-07	0.12673445109969397	0.06941476211486375
V2	4:Ins:R:1	0.015453799603525593	3.6059065452345057e-06	1.231510838164293e-06	3.056836466035267e-08	3.754023577059146e-06	0.9845375783871493
V2	4:Ins:R:2	0.019557825999242145	0.6216453092817589	0.08779020335422479	0.010765797299395261	0.1561564389234758	0.10408442514190304
V2	4:Ins:R:3	0.019557825999242145	0.6216453092817589	0.08779020335422479	0.010765797299395261	0.1561564389234758	0.10408442514190304
V2	4:Ins:R:4	0.38841801897378997	0.35430384031096795	0.13312229068820725	0.014880458830999236	2.303785078933868e-05	0.10925235334524623
V2	4:Ins:R:5	0.49399618546573487	0.1088430781349365	5.98097939663175e-07	6.472585843443049e-08	0.39330352728095747	0.003856546294573159
V2	5:Ins:R:0	2.652416575752722e-06	6.171779825969549e-05	0.7017136634732793	0.0	0.20719582817507023	0.09102613813681498
V2	5:Ins:R:1	0.009402590444609404	0.2593405299551699	0.0	0.0020589066958828376	0.7196868847805652	0.009511088123772753
V2	5:Ins:R:2	7.019638646873125e-08	0.9917503938904736	1.2167586228902806e-05	0.00823328937504435	0.0	4.078951866641465e-06
V2	5:Ins:R:3	0.0341984151273769	0.9322529023918155	0.03346724603266814	1.3194236734208644e-06	8.011702446611786e-05	0.0
V2	5:Ins:R:4	6.537521276196568e-07	0.968008146935012	0.03161945435417835	1.2183608266341757e-06	1.70658261206594e-06	0.00036882001524323404
V2	5:Ins:R:5	0.07348494371550285	0.08162297145562235	0.0	0.0006883608724727566	3.6767007488466938e-06	0.8442000472556533
V2	2:Del:M:1	0.016941256068128407	0.2899859505184	0.021879526982356155	0.011716210724952792	0.5938978309053271	0.06557922480083564
V2	3:Del:M:1	0.0330858638569371	0.07092798113928345	0.0	0.025648394314363915	0.7691004905180566	0.10123727017135895
V2	3:Del:M:2	0.06034008012923036	0.6252777512163423	0.07991269975648663	0.005209032426407881	0.1689675665360975	0.060292869935435284
V2	4:Del:M:1	0.0	6.667942635968978e-07	0.8812248199543397	0.0002632850134684302	0.11818466721953365	0.00032656101839454224
V2	4:Del:M:2	0.005374470603049201	0.0685911378230799	0.8335354544184329	0.010212282859029224	0.04463481712128773	0.037651837175121175
V2	4:Del:M:3	0.02392549873738651	0.13604799378152138	0.12053431307445724	0.02581977692827752	0.6364182986818937	0.05725411879646372
V2	5:Del:M:1	1.9706707186669612e-07	2.879102116786461e-06	4.935204861979699e-07	1.0328413652238023e-07	0.9998530796091969	0.00014324741699195048
V2	5:Del:M:2	0.0008251288457711916	0.0009596510268983988	0.0007655100124043006	1.3315825070398288e-08	0.990794613385253	0.006655083413848061
V2	5:Del:M:3	0.0014662649236966683	0.023921646512418043	0.0	0.00121894834424335	0.9698238563131621	0.0035692839064798624
V2	5:Del:M:4	0.0	0.16771043043231915	0.0033046698354880534	0.0	0.8139354764815239	0.015049423250669014
V2	5:Del:M:5	0.013098635678130513	0.022910350087834413	0.0	9.814914843601935e-05	0.9385499522462064	0.025342912839392547
V3	1:Del:C:0	0.09402612818032284	0.00022053252891364295	0.020630228434979987	0.6308249914072601	0.15598479603568233	0.0983133234128411
V3	1:Del:C:1	0.0041682718756526635	0.009856278164934312	0.001807864286666506	0.26588483713709227	0.27525058505482725	0.4430321634808269
V3	1:Del:C:2	0.03074055615455466	0.014816971860681078	0.014373678967179972	0.015197943011785528	0.22863156426058812	0.6962392857452107
V3	1:Del:C:3	0.038115366603467066	0.031457138951420154	0.0066201071061274906	0.02564173855755606	0.2689465060905845	0.6292191426908447
V3	1:Del:C:4	0.19990025893788274	0.07501335204516782	0.01624208094610226	0.10801077267956898	0.026049399786756314	0.5747841356045219
V3	1:Del:C:5	0.7753215139439587	0.1655681992293031	0.03234596385950517	0.01575881000468231	0.0	0.011005512962550812
V3	1:Del:T:0	0.12117698563972899	0.023433341340487978	0.00537735943543288	0.296064097141739	0.466445347983496	0.08750286845911517
V3	1:Del:T:1	1.1818140476420184e-05	0.0	0.0021824518517450536	0.4385219191972851	0.5591610347726773	0.00012277603781609927
V3	1:Del:T:2	0.0883417009308577	0.016851937299153352	0.01159407167384566	0.27310760898208486	0.14049987746382864	0.4696048036502299
V3	1:Del:T:3	0.3766079056065411	0.0361381164017761	0.037047688600039375	0.2934670087289253	0.24204149650636267	0.014697784156355283
V3	1:Del:T:4	0.715515054071276	0.007300719328176667	0.16973957457562397	0.1074446520249234	0.0	0.0
V3	1:Del:T:5	0.49893248854246397	7.223394909677609e-05	0.00011586312994867114	6.949032709977867e-05	0.0010055717897008128	0.4998043522616898
V3	1:Ins:C:0	0.06313595943285771	3.500190224187078e-05	3.3458371565108596e-07	5.636579429747354e-06	0.7840352964824464	0.15278777101930863
V3	1:Ins:C:1	2.2460173876531406e-06	0.0752716827483149	0.022539494928876712	0.06323494554101548	0.743027967602156	0.09592366316224939
V3	1:Ins:C:2	2.2013914397564828e-06	0.01682082390785271	0.013945335128440912	0.004756356737712172	0.0890178597326549	0.8754574231018996
V3	1:Ins:C:3	0.1426254087422732	0.06011839077444325	0.01429860837027643	0.004939950647073833	0.0	0.7780176414659333
V3	1:Ins:C:4	0.5201068681083508	0.2802773407822183	0.0238024375679536	0.0033997714143857	0.1724135821270915	0.0
V3	1:Ins:C:5	0.1853277958850788	0.5757643582334201	0.015931445180944095	0.0006338424508341821	0.005263630393855161	0.21707892785586758
V3	1:Ins:T:0	0.17971625993035595	0.09199464488752035	0.05157621905284503	0.2439732967152786	0.0834766213804584	0.34926295803354157
V3	1:Ins:T:1	0.0023560907414489143	0.0	0.02361542949190514	0.20973153180667511	0.5835637545368201	0.1807331934231507
V3	1:Ins:T:2	0.4346146220104042	0.2343430809425655	0.08483036107273913	0.16220370609108448	0.08400822988320664	0.0
V3	1:Ins:T:3	0.23246063140995396	0.3346681492343112	0.011446132107501575	0.0002677763568287446	0.22251448638639884	0.19864282450500573
V3	1:Ins:T:4	0.17946151589323958	0.2039083880841598	0.44403558707647056	0.005788182610318742	0.023557018241784057	0.14324930809402744
V3	1:Ins:T:5	0.0031191983892862114	0.9743449474980371	9.094197584258634e-05	7.762392698957107e-05	2.3095762602733263e-05	0.022344192447241715
V3	2:Del:R:0	0.0	1.0358512213661195e-38	0.019189877485899877	0.17282831129703383	0.7636952914319044	0.04428651978516183
V3	2:Del:R:1	0.18210650590054056	0.007247548482813569	0.012995068554875566	0.04555725900212081	0.6085230379055044	0.14357058015414512
V3	2:Del:R:2	0.31530083597869013	0.14004541743706408	0.005920417511132169	0.0043106575697847435	0.22675849439996504	0.30766417710336397
V3	2:Del:R:3	0.4084019244974578	0.5380561083734308	0.0011598083600071719	0.020025268355551788	0.032356890413552504	0.0
V3	2:Del:R:4	0.21485683069822092	4.867377536111736e-06	0.044318483607012765	0.0	0.7407642146795781	5.560363765207887e-05
V3	2:Del:R:5	1.2453923788472738e-06	0.002550705920163946	1.417386736763703e-05	5.21496604561484e-06	0.9968483602126309	0.0005802996414132126
V3	3:Del:R:0	0.002256093347510598	0.021230749048278742	0.0	0.015990703100244575	0.8168492400998593	0.14367321440410688
V3	3:Del:R:1	0.2931847366336438	0.04999149021805841	0.04919469244597111	0.03151531298507278	0.07528380431504175	0.500829963402212
V3	3:Del:R:2	0.3580079436023679	0.19470211977308613	0.018690912642548508	0.04485223776372662	0.3837467862182709	0.0
V3	3:Del:R:3	0.03166322772277347	0.18431876643184816	6.652258423273097e-07	0.04119986285850978	0.0	0.7428174777610262
V3	3:Del:R:4	0.04096346061756392	0.10230951511017897	0.04714737404401493	0.017345183839315288	0.1214570260605011	0.6707774403284259
V3	3:Del:R:5	0.04096346061756392	0.10230951511017897	0.04714737404401493	0.017345183839315288	0.1214570260605011	0.6707774403284259
V3	4:Del:R:0	0.03475136755344006	6.663088972518997e-07	0.016856956718236404	5.2967585091045646e-09	0.9003821512186236	0.0480088529040443
V3	4:Del:R:1	0.5466146523035388	0.10510924787794074	0.00210382379268904	0.18126549245560122	0.16489212147916268	1.466209106746215e-05
V3	4:Del:R:2	0.025327896515750337	0.07204285164091179	3.126421005850673e-07	0.054670726265113906	0.016501851121511767	0.8314563618146116
V3	4:Del:R:3	0.04096346061756392	0.10230951511017897	0.04714737404401493	0.017345183839315288	0.1214570260605011	0.6707774403284259
V3	4:Del:R:4	0.16116169996866986	0.001234358423610468	0.10084035890276238	0.09071532317117428	0.6366030599699982	0.00944519956378475
V3	4:Del:R:5	0.003911542818467122	2.8856289059621224e-07	3.305514700345871e-05	0.0006947270761623351	0.00010502664533783615	0.9952553597501388
V3	5:Del:R:0	1.5395795453398333e-07	2.2481136181068234e-07	0.000624606418134439	0.0007155883966708511	0.9748359655740984	0.02382346084178007
V3	5:Del:R:1	0.9938496239255539	0.003195915914060998	0.0028470294914950236	4.435772638765945e-06	6.750298725470665e-05	3.549190899680458e-05
V3	5:Del:R:2	0.00021636151743045665	0.011194661678812055	0.9876055877691172	0.0009748430833233813	0.0	8.545951316870274e-06
V3	5:Del:R:3	0.48767166567880216	0.00016971432433304667	0.0001341282336405046	6.721161893338728e-05	0.5116564445292267	0.00030083561506422845
V3	5:Del:R:4	0.04096346061756392	0.10230951511017897	0.04714737404401493	0.017345183839315288	0.1214570260605011	0.6707774403284259
V3	5:Del:R:5	0.001866818175363592	2.5016746772895985e-06	0.00018740705871978875	6.969232349194404e-07	3.5191468092247247e-07	0.9979422242533237
V3	2:Ins:R:0	0.12358064241415974	0.0	0.005526911111486519	0.02233564407056377	0.03422108299172749	0.8143357194120625
V3	2:Ins:R:1	0.0	5.340016206712084e-06	1.1710083002952306e-05	0.10268921615762015	0.6314871998049141	0.26580653393825615
V3	2:Ins:R:2	0.4749928425984836	1.2243269353501559e-05	3.698284404867622e-05	5.268527038170924e-06	0.13221847194291045	0.3927341908181656
V3	2:Ins:R:3	0.008848284470538067	2.2497996994995244e-07	0.9315923296907204	0.0	0.019038703658182585	0.04052045720058895
V3	2:Ins:R:4	0.13129696911081368	0.4264577959188216	0.08444508794395619	0.08242349725388694	0.0205957114362947	0.25478093833622695
V3	2:Ins:R:5	0.5512031182861865	0.3014313398627392	0.0005787396345394045	0.007675733479848525	0.00583809118323567	0.13327297755345066
V3	3:Ins:R:0	1.2493589207263104e-05	0.019166469675356793	8.901929943144739e-05	0.01592992686995988	0.41376999204231457	0.55103209852373
V3	3:Ins:R:1	0.6837988118181477	0.1254063505276626	0.0	0.1452352184259908	0.0	0.04555961922819889
V3	3:Ins:R:2	5.045742219213944e-05	0.00013810323637112535	6.247345123643508e-05	0.1945034579597197	0.8028301460836029	0.002415361846877688
V3	3:Ins:R:3	0.04096346061756392	0.10230951511017897	0.04714737404401493	0.017345183839315288	0.1214570260605011	0.6707774403284259
V3	3:Ins:R:4	0.14109234473742102	0.44511098159361334	0.0001451838075236283	0.40459965546156684	0.0008567228903479739	0.008195111509527156
V3	3:Ins:R:5	0.22285196347482744	0.45907877749543136	0.02347680838898051	0.058916925272585276	0.06291651826292782	0.17275900710524753
V3	4:Ins:R:0	0.0	0.19506241578607741	5.668049497780252e-06	2.0500800790838918e-06	0.14534046994019634	0.6595893961441495
V3	4:Ins:R:1	0.005075469121109602	9.305777940156015e-08	1.0370854586547682e-07	7.722710714758348e-09	4.578514511234018e-07	0.9949238685384033
V3	4:Ins:R:2	0.04096346061756392	0.10230951511017897	0.04714737404401493	0.017345183839315288	0.1214570260605011	0.6707774403284259
V3	4:Ins:R:3	0.04096346061756392	0.10230951511017897	0.04714737404401493	0.017345183839315288	0.1214570260605011	0.6707774403284259
V3	4:Ins:R:4	0.48673428463010215	0.03488716934909175	0.04277388961566263	0.014343843548147973	1.0720652423173128e-05	0.4212500922045724
V3	4:Ins:R:5	0.7479468431055216	0.012949269152313649	2.3219605530273242e-07	7.538442121881393e-08	0.2211371279676568	0.017966452194031354
V3	5:Ins:R:0	4.939716429010803e-06	9.031669025139002e-06	0.3350854813805208	0.0	0.1432939905400484	0.5216065566939767
V3	5:Ins:R:1	0.028676290132310014	0.0621502878570434	0.0	0.004830240552758544	0.8150902907889239	0.08925289066896426
V3	5:Ins:R:2	8.329132853903836e-07	0.9246656384517655	3.701901498181791e-05	0.07514759057151786	0.0	0.000148919048449527
V3	5:Ins:R:3	0.29465014621094343	0.6311487547252395	0.07393601691080093	8.744633269376197e-06	0.0002563375197468053	0.0
V3	5:Ins:R:4	7.663422950505471e-06	0.8916327191221436	0.09503847176661663	1.0986067285660407e-05	7.428885793836132e-06	0.013302730735209635
V3	5:Ins:R:5	0.027440559361305728	0.0023949932823283536	0.0	0.00019772765609717404	5.098466418619513e-07	0.9699662098536269
V3	2:Del:M:1	0.03554024951668516	0.04780233679370203	0.011769233716563004	0.018906828617318995	0.4626720772999654	0.42330927405576535
V3	3:Del:M:1	0.050474575648897894	0.008502469857268017	0.0	0.0300986507454321	0.4357124522833444	0.4752118514650577
V3	3:Del:M:2	0.15786194500169698	0.12854105114976733	0.053607155441579755	0.010482992509335544	0.16415782969824366	0.48534902619937675
V3	4:Del:M:1	0.0	1.933030357512551e-07	0.8336267243949347	0.0007471921525247192	0.16191882263281693	0.003707067516687809
V3	4:Del:M:2	0.014733704154248375	0.014775478866393849	0.5859164936843588	0.021535538531291636	0.04543983007285753	0.31759895469084976
V3	4:Del:M:3	0.04805420758537287	0.02147137548604512	0.06207496890517944	0.03989142533142644	0.47467872180682424	0.3538293008851518
V3	5:Del:M:1	5.301212546618577e-07	6.0857698846497e-07	3.404095469477464e-07	2.13723080016393e-07	0.9988126350922847	0.0011856720768451542
V3	5:Del:M:2	0.0021183855158220443	0.00019359487904522618	0.0005039291682483354	2.6297106021608096e-08	0.9446122007542606	0.05257186338551782
V3	5:Del:M:3	0.00390574016059409	0.005007019409702834	0.0	0.0024976573127348787	0.9593353555942091	0.02925422752275904
V3	5:Del:M:4	0.0	0.03634486800447987	0.0023369487442368507	0.0	0.8336089747023606	0.12770920854892268
V3	5:Del:M:5	0.029669444866852735	0.004077672924845845	0.0	0.00017101198228153865	0.7894551004368575	0.1766267697891623
V4	1:Del:C:0	0.6055773495017268	0.002227326934640494	0.004023220639983542	0.2460416891306799	0.07822157355455796	0.06390884023841126
V4	1:Del:C:1	0.04089412637736162	0.15163801470764152	0.0005370558681868111	0.1579709418450514	0.21025985304351757	0.43870000815824123
V4	1:Del:C:2	0.2143607013480173	0.16202541647369992	0.003034940167890145	0.006417959914242141	0.12413459901169739	0.4900263830844532
V4	1:Del:C:3	0.219498866775675	0.2840806436671201	0.0011543724170756566	0.008942488464970769	0.12059277720801778	0.36573085146714074
V4	1:Del:C:4	0.519750432036583	0.3058512900037674	0.0012787095741290827	0.01700698446126008	0.005273542282167001	0.15083904164209336
V4	1:Del:C:5	0.7469354095496752	0.25013149563555215	0.000943561156753908	0.0009193976139754812	0.0	0.001070136044043408
V4	1:Del:T:0	0.5478997220721346	0.1661519319268475	0.0007362049716282967	0.0810672460539529	0.164212007489895	0.03993288748554188
V4	1:Del:T:1	0.00016838818246952753	0.0	0.0009415770764792911	0.3783837763199382	0.6203296938497019	0.00017656457141106268
V4	1:Del:T:2	0.4649662126095101	0.13908993834236344	0.001847737884712524	0.087049880303538	0.05757776371072053	0.24946846714915544
V4	1:Del:T:3	0.7970515781935354	0.11993688016100425	0.0023741428981547056	0.03761274405743858	0.03988504002994951	0.003139614659917413
V4	1:Del:T:4	0.9687317255104939	0.015500319188982141	0.00695851552853507	0.008809439771988756	0.0	0.0
V4	1:Del:T:5	0.907846765914881	0.00020611156772712684	6.383586782157136e-06	7.657268257096844e-06	0.0001424646306940951	0.09179061703165867
V4	1:Ins:C:0	0.45207370804484515	0.0003930197312140759	7.254141273026938e-08	2.444144264490429e-06	0.4371105503779333	0.11042020516033027
V4	1:Ins:C:1	1.1815718239358297e-05	0.6209675112096029	0.003590376032410474	0.0201457249683419	0.30435145485567433	0.05093311721573101
V4	1:Ins:C:2	1.798776777849765e-05	0.21553485152590202	0.0034503066749534874	0.0023536027280002753	0.056634406829467854	0.7220088444738978
V4	1:Ins:C:3	0.45111870836147067	0.298188935475479	0.0013694193221087372	0.0009462268902236789	0.0	0.24837670995071792
V4	1:Ins:C:4	0.5340029834573591	0.45126258252949003	0.0007399822005457771	0.00021138762157341947	0.013783064191031893	0.0
V4	1:Ins:C:5	0.16680285184375354	0.8126395021325811	0.00043417701487123033	3.454800491433401e-05	0.0003688684458852938	0.019720052557994503
V4	1:Ins:T:0	0.4703797258497913	0.3775843726254416	0.0040875160264018905	0.03867071990352869	0.017011761876180642	0.09226590371865592
V4	1:Ins:T:1	0.02965456933184382	0.0	0.009000035055407933	0.15986083497922454	0.5718881891818641	0.22959637145165962
V4	1:Ins:T:2	0.5293500196190729	0.4475906202938959	0.003128518011101532	0.011964047059477912	0.007966795016451672	0.0
V4	1:Ins:T:3	0.29239920496225097	0.6601329303434568	0.00043594758124396697	2.0397537609635976e-05	0.021792561164829093	0.025218958410609435
V4	1:Ins:T:4	0.3390475998164306	0.6041081229784959	0.0254012953540715	0.0006622322188905379	0.003465236416004263	0.0273155132161072
V4	1:Ins:T:5	0.0020342881193382415	0.9964888502958252	1.79590183604368e-06	3.0657999611266557e-06	1.1728027638629453e-06	0.0014708270802756402
V4	2:Del:R:0	0.0	2.1664232964095054e-37	0.0077495527593222525	0.13958839681858734	0.7930471619904066	0.05961488843168376
V4	2:Del:R:1	0.7044859320482522	0.04396714181449401	0.0015222086391778052	0.010672918413234669	0.18329351396959684	0.0560582851152446
V4	2:Del:R:2	0.5398399525598959	0.37600969633113546	0.0003069311587805676	0.00044695331723226513	0.030229201421200693	0.053167265211755306
V4	2:Del:R:3	0.3251796869793714	0.6718207855101789	2.7962152993277567e-05	0.0009655898970859573	0.002005975460370487	0.0
V4	2:Del:R:4	0.7844665569504741	2.7868304251699564e-05	0.00489958058027387	0.0	0.21058550350429028	2.0490660710061066e-05
V4	2:Del:R:5	1.5247836283443238e-05	0.048972542092399374	5.25459350982958e-06	3.8666266625066815e-06	0.9502859854075478	0.0007171034435970944
V4	3:Del:R:0	0.01968323878434552	0.2904658330874789	0.0	0.008448620363000698	0.5548870823012678	0.12651522546390692
V4	3:Del:R:1	0.6796298919230706	0.18172615575790843	0.0034530121692396797	0.004424166666937495	0.013588010736773739	0.11717876274607016
V4	3:Del:R:2	0.5140149747774826	0.4383732344227678	0.0008125729486283762	0.0038998325859472814	0.042899385265173874	0.0
V4	3:Del:R:3	0.07952121998216921	0.7259181355761796	5.058778986912354e-08	0.006266172695971456	0.0	0.18829442115788986
V4	3:Del:R:4	0.14575739922977476	0.5708739678242192	0.005079725267701774	0.0037375896498179286	0.033649593614337676	0.24090172441414884
V4	3:Del:R:5	0.14575739922977476	0.5708739678242192	0.005079725267701774	0.0037375896498179286	0.033649593614337676	0.24090172441414884
V4	4:Del:R:0	0.31530918294247445	9.480485389363735e-06	0.004631190386513771	2.910406367777216e-09	0.6360844892620313	0.04396565401318477
V4	4:Del:R:1	0.7433657949158728	0.22415708722249472	8.663221350419788e-05	0.01492846587050486	0.01746000723676296	2.0125408604219535e-06
V4	4:Del:R:2	0.11166590033376526	0.49808399332256487	4.173665628391106e-08	0.014596711745787394	0.005664705318373823	0.3699886475428524
V4	4:Del:R:3	0.14575739922977476	0.5708739678242192	0.005079725267701774	0.0037375896498179286	0.033649593614337676	0.24090172441414884
V4	4:Del:R:4	0.7254156319159794	0.008712776963471022	0.01374384336137905	0.02472774206096851	0.22310895448503984	0.004291051213162209
V4	4:Del:R:5	0.037461130333621015	4.333746560259897e-06	9.58562920938233e-06	0.000402926427954694	7.831690056685438e-05	0.9620437069620876
V4	5:Del:R:0	1.9645120617789485e-06	4.498431017475729e-06	0.0002413280222140963	0.0005529611207125411	0.9685171601206731	0.030682087793320826
V4	5:Del:R:1	0.9948876465852248	0.005016940453615516	8.629667654230028e-05	2.689065482224841e-07	5.261378697385027e-06	3.58599937199533e-06
V4	5:Del:R:2	0.004532509379670132	0.3677561188022614	0.6264565801261789	0.0012367221727003716	0.0	1.8069519189283718e-05
V4	5:Del:R:3	0.9239448710740752	0.0005042283692881204	7.694625457557966e-06	7.711549165325772e-06	0.07547796691198531	5.752747002836055e-05
V4	5:Del:R:4	0.14575739922977476	0.5708739678242192	0.005079725267701774	0.0037375896498179286	0.033649593614337676	0.24090172441414884
V4	5:Del:R:5	0.018195025987082496	3.8235936675149386e-05	5.530766814153911e-05	4.1135269141260193e-07	2.670614813032345e-07	0.9817107519939281
V4	2:Ins:R:0	0.5885986613154748	0.0	0.0007970765740499743	0.006442375603965968	0.012690705912526896	0.3914711805939823
V4	2:Ins:R:1	0.0	0.00010184324606876976	4.312291735272023e-06	0.07563154898670214	0.5979807142677263	0.3262815812077676
V4	2:Ins:R:2	0.9048386858001718	3.657393935052383e-05	2.133207711200995e-06	6.077878969883843e-07	0.019610986356387302	0.07551101290848233
V4	2:Ins:R:3	0.20756504767025366	8.276166949159577e-06	0.6617131951874589	0.0	0.03477408649234575	0.09593939448299242
V4	2:Ins:R:4	0.15725725686414774	0.8009811475631949	0.0030625213936183076	0.005978411055581942	0.0019206843704522416	0.030799978753004796
V4	2:Ins:R:5	0.5308789827852265	0.45526316349447904	1.6877799994243377e-05	0.00044769525621000315	0.00043780220974993096	0.012955478454340396
V4	3:Ins:R:0	0.0001051035372043889	0.2528497205236973	2.267582132213086e-05	0.008115637343472818	0.2710268454189945	0.4678800173553088
V4	3:Ins:R:1	0.7650042546596827	0.22001144820724933	0.0	0.00983979817338025	0.0	0.005144498959687882
V4	3:Ins:R:2	0.0006745530796812066	0.0028952439838951355	2.528921290473549e-05	0.1574697495239997	0.8356760411225024	0.0032591230770168105
V4	3:Ins:R:3	0.14575739922977476	0.5708739678242192	0.005079725267701774	0.0037375896498179286	0.033649593614337676	0.24090172441414884
