Sample Names	MutationType	ID83A	ID83B	ID83C	ID83D	ID83E	ID83F
V1	1:Del:C:0	0.0	0.3194448419169235	0.0	0.66630599842418	0.0	0.014249159658896463
V1	1:Del:C:1	0.0	0.006628813006577873	0.0	0.8687810372158761	0.11347608460042433	0.0111140651771216
V1	1:Del:C:2	0.0	5.656245148018714e-05	0.0	0.9702671720742659	0.029676096755132806	1.68719120942888e-07
V1	1:Del:C:3	0.0	0.04900447636900628	0.0	0.48161628119197164	0.4570741584637754	0.012305083975246735
V1	1:Del:C:4	0.0	0.014818461975793716	0.0	0.43824582322713995	0.29626328226251	0.2506724325345563
V1	1:Del:C:5	0.0	0.0	0.0	0.11761938092303448	0.573553389691179	0.30882722938578655
V1	1:Del:T:0	0.0	0.16922097122726623	0.0	0.716306188295153	0.0907786078886393	0.023694232588941447
V1	1:Del:T:1	0.0	0.0	0.0	0.9725076078021818	0.025459196054016378	0.0020331961438017953
V1	1:Del:T:2	0.0	0.02517478630189567	0.0	0.7073291978599952	5.6207066658998445e-08	0.26749595963104245
V1	1:Del:T:3	0.0	0.2708628998030198	0.0	0.3548684659433779	0.2139187706270938	0.16034986362650844
V1	1:Del:T:4	0.0	0.09173222384200369	0.0	0.0	0.3274052138687766	0.5808625622892197
V1	1:Del:T:5	0.0	2.4989394135892245e-06	0.0	9.03230216812075e-06	0.02769153681069746	0.9722969319477208
V1	1:Ins:C:0	0.0	7.730645050677213e-05	0.0	0.9998041472926052	0.00011329466026201667	5.251596625944832e-06
V1	1:Ins:C:1	0.0	1.86442060003663e-05	0.0	0.9999762212824266	4.9082455318774965e-06	2.2626604119582172e-07
V1	1:Ins:C:2	0.0	1.6826151802834515e-05	0.0	0.8910507556166634	0.10893241823153385	0.0
V1	1:Ins:C:3	0.0	0.4274493119395041	0.0	0.25741866773680366	0.3151283178685266	3.702455165751748e-06
V1	1:Ins:C:4	0.0	0.0	0.0	0.2184190618434971	0.680009081901143	0.10157185625535996
V1	1:Ins:C:5	0.0	7.063538076786883e-06	0.0	0.0026165411659142064	0.957122751179152	0.04025364411685699
V1	1:Ins:T:0	0.0	0.07011860902978628	0.0	0.6316922794473613	0.29668930867607335	0.001499802846779148
V1	1:Ins:T:1	0.0	0.09050983668402257	0.0	0.9094876690274483	2.494288529212228e-06	0.0
V1	1:Ins:T:2	0.0	0.3360931642711472	0.0	0.533852965946106	0.10382937959119498	0.026224490191551923
V1	1:Ins:T:3	0.0	0.13693093376777823	0.0	0.05793344835744291	0.7922035555039366	0.012932062370842157
V1	1:Ins:T:4	0.0	0.008149819637448506	0.0	0.03151257156574631	0.9508203912050587	0.009517217591746431
V1	1:Ins:T:5	0.0	2.2668451101759812e-11	0.0	0.003999668418290482	0.9949385368523946	0.0010617947066462916
V1	2:Del:R:0	0.0	0.1578462062113634	0.0	0.6082999510410235	0.23385384274761306	0.0
V1	2:Del:R:1	0.0	0.05742095137152043	0.0	0.8392643100585551	0.07722349713126225	0.02609124143866235
V1	2:Del:R:2	0.0	0.11073141294756315	0.0	0.40151316184606084	0.3228353500622503	0.16492007514412588
V1	2:Del:R:3	0.0	2.037594244345142e-05	0.0	0.05717736965446213	0.8695646038045645	0.07323765059852992
V1	2:Del:R:4	0.0	2.0083675194591756e-05	0.0	0.1959387508813116	0.7185617972456011	0.08547936819789277
V1	2:Del:R:5	0.0	0.001457847513204567	0.0	0.9808621548858544	0.0006206357145004884	0.01705936188644063
V1	3:Del:R:0	0.0	0.011526072745893215	0.0	0.861992098831199	0.1193671001045639	0.007114728318343679
V1	3:Del:R:1	0.0	0.19828380914943297	0.0	0.2592266930690069	0.49832867558054966	0.04416082220101032
V1	3:Del:R:2	0.0	0.3082479292147389	0.0	0.46898283633987187	0.0	0.22276923444538912
V1	3:Del:R:3	0.0	0.0002941811972936473	0.0	0.9992859154121393	0.00029206968743101695	0.00012783370313600913
V1	3:Del:R:4	0.0	0.4671309939226978	0.0	0.20022230050326162	0.2915126318376694	0.041134073736371214
V1	3:Del:R:5	0.0	0.4671309939226978	0.0	0.20022230050326162	0.2915126318376694	0.041134073736371214
V1	4:Del:R:0	0.0	0.09438388486396819	0.0	0.9018478155887761	0.003768076347973559	2.2319928206607358e-07
V1	4:Del:R:1	0.0	0.3079128651823958	0.0	0.2533499227975625	0.2891450939064312	0.14959211811361048
V1	4:Del:R:2	0.0	0.40066403443590815	0.0	0.25163979659772234	0.27764240604001345	0.070053762926356
V1	4:Del:R:3	0.0	0.4671309939226978	0.0	0.20022230050326162	0.2915126318376694	0.041134073736371214
V1	4:Del:R:4	0.0	0.4671309939226978	0.0	0.20022230050326162	0.2915126318376694	0.041134073736371214
V1	4:Del:R:5	0.0	0.9274719024538326	0.0	0.014896424438840334	0.057629188491643425	2.4846156835956045e-06
V1	5:Del:R:0	0.0	5.011997015373358e-06	0.0	0.999985352945158	8.387619060399581e-06	1.2474387662676441e-06
V1	5:Del:R:1	0.0	0.4201667834935506	0.0	0.3121414637477539	0.20424067864155404	0.06345107411714153
V1	5:Del:R:2	0.0	0.3318497089701976	0.0	2.5330283536106587e-05	0.5675105833226475	0.10061437742361874
V1	5:Del:R:3	0.0	0.0034701099168520516	0.0	0.0013115763334435944	0.9949499091730255	0.00026840457667883573
V1	5:Del:R:4	0.0	0.4671309939226978	0.0	0.20022230050326162	0.2915126318376694	0.041134073736371214
V1	5:Del:R:5	0.0	0.4671309939226978	0.0	0.20022230050326162	0.2915126318376694	0.041134073736371214
V1	2:Ins:R:0	0.0	0.2544427358106245	0.0	0.5876267492321484	0.1453509290988904	0.012579585858336555
V1	2:Ins:R:1	0.0	0.10041796064975018	0.0	0.00010596759162117396	0.8970810955214623	0.0023949762371663214
V1	2:Ins:R:2	0.0	8.428934142117827e-05	0.0	0.7884143243103692	0.21150138634820964	0.0
V1	2:Ins:R:3	0.0	0.1001006596699936	0.0	0.31840966171711804	0.5346509113702237	0.04683876724266464
V1	2:Ins:R:4	0.0	0.0	0.0	0.11932716759452272	0.710895249786911	0.16977758261856632
V1	2:Ins:R:5	0.0	0.10980346301766013	0.0	0.1216149322778323	0.67776016905689	0.09082143564761773
V1	3:Ins:R:0	0.0	9.427662995441488e-05	0.0	0.9995186619173088	0.00016360316215603162	0.0002234582905806818
V1	3:Ins:R:1	0.0	0.6370403502610293	0.0	0.0	0.34808984099382745	0.014869808745143182
V1	3:Ins:R:2	0.0	9.82793292001564e-05	0.0	0.08471398053782259	0.915180371478342	7.3686546353303455e-06
V1	3:Ins:R:3	0.0	0.4671309939226978	0.0	0.20022230050326162	0.2915126318376694	0.041134073736371214
V1	3:Ins:R:4	0.0	0.001045003424782487	0.0	0.9986054706673229	0.00030583582165652886	4.3690086238163254e-05
V1	3:Ins:R:5	0.0	0.17312646384862965	0.0	0.0	0.7346635064206227	0.09221002973074764
V1	4:Ins:R:0	0.0	0.9995332505199845	0.0	1.8774627148509547e-07	0.0004664569093792102	1.048243646914391e-07
V1	4:Ins:R:1	0.0	0.09107884135009103	0.0	0.6082247475442802	0.2667073619144974	0.033989049191131195
V1	4:Ins:R:2	0.0	3.663096573387997e-05	0.0	8.778633240813585e-05	0.8884137228544837	0.11146185984737404
V1	4:Ins:R:3	0.0	0.015946971030043194	0.0	0.004863731742999975	0.9780907439574885	0.0010985532694683306
V1	4:Ins:R:4	0.0	0.7101808789693164	0.0	0.04891285835798258	0.24090626267270102	0.0
V1	4:Ins:R:5	0.0	0.0	0.0	0.3703358015891833	0.6296641984108167	0.0
V1	5:Ins:R:0	0.0	0.6681816728606076	0.0	0.33025352783726275	0.0014376918537294145	0.0001271074484002393
V1	5:Ins:R:1	0.0	0.0	0.0	0.9506787558145549	0.044155382471807995	0.005165861713637114
V1	5:Ins:R:2	0.0	0.9763944999623204	0.0	0.023602650494542778	1.9863614484189324e-06	8.631816884729876e-07
V1	5:Ins:R:3	0.0	0.061625752097710214	0.0	0.32227889409769417	0.6160953538045957	0.0
V1	5:Ins:R:4	0.0	0.8563149635761775	0.0	5.3266055609739925e-05	0.14362186452246584	9.905845746880816e-06
V1	5:Ins:R:5	0.0	0.4671309939226978	0.0	0.20022230050326162	0.2915126318376694	0.041134073736371214
V1	2:Del:M:1	0.0	0.5381138539136529	0.0	0.17214912644812083	0.2893850374418264	0.0003519821963999552
V1	3:Del:M:1	0.0	0.08657328500498937	0.0	0.7576666582548195	0.14841146612513642	0.007348590615054661
V1	3:Del:M:2	0.0	0.46576470624509897	0.0	0.27549111868778103	0.22522808422885077	0.03351609083826921
V1	4:Del:M:1	0.0	0.9976333337379243	0.0	0.001996467923988752	0.00028213681749806956	8.806152058903589e-05
V1	4:Del:M:2	0.0	0.5039013496597223	0.0	0.35986873539005165	0.13622991495022602	0.0
V1	4:Del:M:3	0.0	0.34864721380510244	0.0	0.5836625071156959	0.055706996858064683	0.011983282221136824
V1	5:Del:M:1	0.0	0.0008075973422710859	0.0	0.9991918922809293	4.634971233397853e-07	4.687967636445319e-08
V1	5:Del:M:2	0.0	0.09314632496238714	0.0	0.9050187743563393	1.0765631132167345e-45	0.001834900681273652
V1	5:Del:M:3	0.0	0.013125723030807663	0.0	0.9867794448502718	7.336413539969139e-08	9.47587547851494e-05
V1	5:Del:M:4	0.0	0.0007107230888293622	0.0	0.9967658237855388	2.432161082565177e-07	0.0025232099095236545
V1	5:Del:M:5	0.0	0.07233870361796982	0.0	0.834228788981681	0.08294919376477061	0.010483313635578596
V2	1:Del:C:0	0.7407702319329987	0.17503405281841922	0.008772621284009793	0.04627483029445761	0.0	0.029148263670114676
V2	1:Del:C:1	0.7308987933597237	0.010776651502603991	0.0022827593543247923	0.17902053333830692	0.00956569841928406	0.06745556402575639
V2	1:Del:C:2	0.2446209461726386	0.00033726923907646377	0.012558346222439364	0.7333043975966262	0.009175284907617631	3.7558616016344894e-06
V2	1:Del:C:3	0.31685800518151097	0.1846423865606917	0.006101500114388435	0.23000710662901572	0.08929899923144642	0.17309200228294686
V2	1:Del:C:4	0.20784537813829126	0.011484257410372295	0.0004404183270470465	0.04304889584547003	0.011905342384343109	0.7252757078944762
V2	1:Del:C:5	0.0015061917072331983	0.0	0.0	0.012429562949185194	0.024795373144000526	0.9612688721995811
V2	1:Del:T:0	0.42216024576753364	0.27477395841218244	0.004364770707593455	0.1474227584088505	0.0076430935784467515	0.143635173125393
V2	1:Del:T:1	0.7543563011867112	0.0	0.002281157355914098	0.2269560259479721	0.002430598496329642	0.013975917013072929
V2	1:Del:T:2	0.5757684188151919	0.009356290235398485	0.010403301943849207	0.03331991779129722	1.0831611757622554e-09	0.3711520701311021
V2	1:Del:T:3	0.37778335294689447	0.18185801958899284	0.0007841879970769558	0.030199154623445888	0.00744725285038973	0.40192803199320015
V2	1:Del:T:4	0.2672914265673179	0.029388183865520022	0.00314373747924871	0.0	0.0054387699444550805	0.6947378821434582
V2	1:Del:T:5	8.968550030466458e-08	6.881574242326816e-07	2.834522586423462e-08	3.1526442999086746e-07	0.0003954061346169733	0.9996034724128027
V2	1:Ins:C:0	2.42583693478341e-05	0.0006095263570145268	2.795598723565899e-06	0.9991625174807076	4.631807159611716e-05	0.00015458412261033365
V2	1:Ins:C:1	0.09729109166794965	0.00013154742443345123	0.008291552441074755	0.894278052671785	1.795680258361969e-06	5.960114498866508e-06
V2	1:Ins:C:2	0.3466414691203845	9.269015095541595e-05	0.0	0.6221508122337162	0.031115028494943995	0.0
V2	1:Ins:C:3	0.0008834835670448643	0.8963881660634104	1.134785964652745e-05	0.0684220328761176	0.03426598298100379	2.8986652776906778e-05
V2	1:Ins:C:4	3.2146216593503225e-07	0.0	0.02032224823655179	0.06134125535015405	0.07812619329752829	0.8402099816536
V2	1:Ins:C:5	0.00423641554963268	3.512458984713016e-05	5.2931445297924045e-08	0.0016491531391983282	0.2467862065109784	0.7472930472788982
V2	1:Ins:T:0	0.5419626537346922	0.18596828415936253	0.0040659956378772035	0.21235163231649817	0.0408010894877501	0.01485034466381984
V2	1:Ins:T:1	0.5681879431233785	0.18992121058089811	0.0	0.24189057490896748	2.7138675591273605e-07	0.0
V2	1:Ins:T:2	0.05882789828068438	0.6238504864665655	0.0	0.12559921970895432	0.009993218172456231	0.18172917737133953
V2	1:Ins:T:3	0.11455387373669702	0.5122874930945067	0.011383822655251893	0.02747172978330552	0.1536785457710289	0.18062453495920994
V2	1:Ins:T:4	0.11749603380801926	0.0724348062208346	0.0205840264500638	0.035499937869315504	0.4381895977900222	0.31579559786174466
V2	1:Ins:T:5	0.0038778281283321408	4.022990706547872e-10	0.0012132594942118942	0.008996956372271894	0.9155618900120882	0.07035006559079691
V2	2:Del:R:0	0.29868966664145913	0.4445347089109066	0.005489482590778742	0.21713695947368092	0.034149182383174825	0.0
V2	2:Del:R:1	0.021820482290135303	0.21162428854091553	0.0007571465374838547	0.3920471717800958	0.014757366527168558	0.35899354432420105
V2	2:Del:R:2	0.09336540275360912	0.1264292648154676	0.0	0.05810600272237819	0.019112703643177152	0.7029866260653679
V2	2:Del:R:3	1.4771794285061473e-05	6.237822285980103e-05	0.002663593580678029	0.0221862502793213	0.13803252012570916	0.8370404859971468
V2	2:Del:R:4	3.61924711480234e-05	5.2678377923322044e-05	4.622691278332192e-07	0.06514093419623553	0.09772768249305924	0.837042050192506
V2	2:Del:R:5	3.463397188273123e-05	0.007692698583027092	1.2669849666417096e-05	0.6560229562566733	0.00016981171603206845	0.33606722962271834
V2	3:Del:R:0	0.1325013506155143	0.06465097504713464	0.006311465889846737	0.6128320229028263	0.03471703583313885	0.14898714971153912
V2	3:Del:R:1	0.07706664140586537	0.43304306154431954	0.0016384906668679582	0.07175761466591905	0.05643181016293469	0.36006238155409337
V2	3:Del:R:2	0.0969066918723824	0.23204431634038958	0.0002313534678126392	0.04474784853399774	0.0	0.6260697897854176
V2	3:Del:R:3	0.5393630416796648	0.0010300316315714644	0.014407163316861952	0.44347573252179534	5.302569970891986e-05	0.0016710051503973876
V2	3:Del:R:4	0.02116180685409677	0.6826397754024723	0.012608761778565982	0.03708598310772737	0.022088923755705855	0.22441474910143175
V2	3:Del:R:5	0.02116180685409677	0.6826397754024723	0.012608761778565982	0.03708598310772737	0.022088923755705855	0.22441474910143175
V2	4:Del:R:0	0.06762271402569243	0.4205965660643436	0.0015220179250633131	0.5093843221989056	0.0008706665082490736	3.713277746045899e-06
V2	4:Del:R:1	0.2243432133231094	0.26145167003592895	0.0	0.02726646296915515	0.012730447922114354	0.47420820574969225
V2	4:Del:R:2	0.07783621122930219	0.5215008759121224	0.0	0.041514369914303385	0.018738065523658542	0.34041047742061353
V2	4:Del:R:3	0.02116180685409677	0.6826397754024723	0.012608761778565982	0.03708598310772737	0.022088923755705855	0.22441474910143175
V2	4:Del:R:4	0.02116180685409677	0.6826397754024723	0.012608761778565982	0.03708598310772737	0.022088923755705855	0.22441474910143175
V2	4:Del:R:5	5.831790912363267e-07	0.9947551083425762	4.324112538073424e-06	0.002025078660852694	0.003204956888762354	9.94881617949456e-06
V2	5:Del:R:0	1.610808948663475e-06	3.9540062476237235e-05	1.1869755356932455e-07	0.9999185590738912	3.431069513446016e-06	3.674028761687661e-05
V2	5:Del:R:1	0.009773493014184667	0.5853903696813684	0.004925398426275349	0.05512133952658777	0.014754699667892213	0.33003469968369153
V2	5:Del:R:2	1.6259813864699256e-06	0.4503274335848052	0.0	4.356838458074382e-06	0.039932380438362974	0.5097342031569873
V2	5:Del:R:3	0.002689991494642847	0.06148753761751727	0.000988473258331148	0.0029456550274503043	0.9141329387591622	0.017755403842896214
V2	5:Del:R:4	0.02116180685409677	0.6826397754024723	0.012608761778565982	0.03708598310772737	0.022088923755705855	0.22441474910143175
V2	5:Del:R:5	0.02116180685409677	0.6826397754024723	0.012608761778565982	0.03708598310772737	0.022088923755705855	0.22441474910143175
V2	2:Ins:R:0	0.03027150087069235	0.6414357100195839	0.0031375191531614163	0.18776259448746568	0.018999630783710433	0.11839304468538621
V2	2:Ins:R:1	8.047079610762744e-07	1.3384830882262995e-05	0.9999784167991396	1.790271911908715e-09	6.200082484489442e-06	1.1917892608513917e-06
V2	2:Ins:R:2	0.580295769775297	0.00027381816256970596	0.05917449390356064	0.3246299167105521	0.03562600144802058	0.0
V2	2:Ins:R:3	9.028889478090042e-07	0.2917991524664204	0.0	0.1176461628769916	0.08081308193860255	0.5097406998290376
V2	2:Ins:R:4	0.016863175356211	0.0	0.009504444004436131	0.02147174216183465	0.05233032020545052	0.8998303182720677
V2	2:Ins:R:5	0.0	0.21978730226667115	0.00032389335455545835	0.03085445689842481	0.07034397002363244	0.678690377456716
V2	3:Ins:R:0	0.4836115198228091	0.0003814399854649882	2.227947074289819e-05	0.5125751147477599	3.432243826649295e-05	0.00337532353495668
V2	3:Ins:R:1	0.015077462352147769	0.8829614286439714	0.0	0.0	0.025016722482463317	0.07694438652141752
V2	3:Ins:R:2	0.0001802017001809966	0.0016848815625694607	4.464759460953479e-05	0.184080051033022	0.8135385981637115	0.00047161994590649457
V2	3:Ins:R:3	0.02116180685409677	0.6826397754024723	0.012608761778565982	0.03708598310772737	0.022088923755705855	0.22441474910143175
V2	3:Ins:R:4	0.0004906985245428009	0.007416469353855017	0.09252997112805854	0.8982927127439472	0.00011254653166747665	0.0011576017179288928
V2	3:Ins:R:5	3.6726203209678906e-07	0.3116748436239493	5.364448380095656e-07	0.0	0.0685789814386141	0.6197452712305664
V2	4:Ins:R:0	4.024084659746828e-08	0.9999442256446739	3.1122203529955365e-05	2.3806431152865432e-08	2.4196599315486534e-05	3.915052027220775e-07
V2	4:Ins:R:1	0.14306254647776295	0.2516993548223579	0.0033031461641196314	0.21304587750059417	0.038217641337591965	0.3506714336975734
V2	4:Ins:R:2	7.707806803350484e-05	7.923896038337945e-05	2.4273563100246074e-05	2.4069205147778007e-05	0.09964830830210399	0.900147031901231
V2	4:Ins:R:3	0.6842079119426262	0.02741069591291378	0.19309857551899529	0.0010596340685190648	0.08717365933743254	0.0070495232195131015
V2	4:Ins:R:4	0.0	0.9547443229688681	0.020127976611442357	0.008334615996657828	0.01679308442303158	0.0
V2	4:Ins:R:5	0.225668087610895	0.0	0.035910472500617026	0.4355035881518735	0.3029178517366145	0.0
V2	5:Ins:R:0	6.354495009893281e-05	0.9402014204566678	6.20185577747591e-05	0.05890040105857413	0.00010489539603114126	0.0006677195808533419
V2	5:Ins:R:1	0.0038164550661094246	0.0	0.7353422898320505	0.22122949837681583	0.004203516195720742	0.03540824052930344
V2	5:Ins:R:2	3.6998884172041245e-07	0.9969415404026077	1.2757089540936122e-07	0.003054566514169885	1.0516395663628007e-07	3.290359528685068e-06
V2	5:Ins:R:3	5.522731977862977e-06	0.45845433874546787	0.0	0.30388562884991743	0.23765450967263685	0.0
V2	5:Ins:R:4	1.0413225344755256e-05	0.9913144728715065	3.3847908162538015e-06	7.815790229927234e-06	0.008621101250558283	4.281207154423031e-05
V2	5:Ins:R:5	0.02116180685409677	0.6826397754024723	0.012608761778565982	0.03708598310772737	0.022088923755705855	0.22441474910143175
V2	2:Del:M:1	0.09649463905265555	0.8411279769867844	0.0027622475347343013	0.03410650132102188	0.023454611784169976	0.002054023320633915
V2	3:Del:M:1	0.10192822192498498	0.356913446912638	0.00041347340162782044	0.3959147050422879	0.03172566546376118	0.1131044872547002
V2	3:Del:M:2	0.031175063104322016	0.6935991322061463	0.01950175971505537	0.051998882479763	0.017391169144941463	0.18633399334977177
V2	4:Del:M:1	0.00010153377861171627	0.9993010250138629	1.5837215782602094e-09	0.0002534732662149671	1.4653771523267321e-05	0.00032931258606568964
V2	4:Del:M:2	0.07818448071500472	0.8301428524806804	0.004891315115236993	0.07514427038978451	0.011637081299293353	0.0
V2	4:Del:M:3	0.07479885850951758	0.6859489070827266	0.0	0.14554986561080557	0.00568302527470966	0.08801934352224042
V2	5:Del:M:1	1.897007325534181e-08	0.006327380319384516	0.0014180824015289383	0.9922529587829318	1.8829568720700494e-07	1.3712303942053134e-06
V2	5:Del:M:2	0.005634138040376392	0.37454251509605246	0.13102710781502314	0.4612511153105156	2.2446010647874993e-46	0.02754512373803233
V2	5:Del:M:3	0.010396054809488985	0.09357339350525534	0.0018600280297183954	0.8916484955219158	2.711922155461727e-08	0.002522001014399778
V2	5:Del:M:4	0.024678390353217176	0.0050225932968403905	0.010906462797085773	0.8928225899723763	8.912185037181008e-08	0.06656987445863008
V2	5:Del:M:5	2.8074705223446996e-37	0.32281000758292033	0.011493248911739619	0.47185209166070974	0.019193435131499747	0.17465121671313052
V3	1:Del:C:0	0.20137911388176866	0.10362558956283212	0.3219541691866921	0.3202145669766244	0.0	0.05282656039208265
V3	1:Del:C:1	0.10346865875221131	0.00332237748678089	0.0436260079465249	0.6450891945061858	0.14083208157435306	0.06366167973394402
V3	1:Del:C:2	0.011345572475895526	3.406615103070076e-05	0.07863194047322164	0.8657298826089893	0.04425737697303139	1.1613178314584149e-06
V3	1:Del:C:3	0.017762652620256503	0.022541774741460966	0.046175704589991685	0.32820843611645056	0.5206226637219209	0.0646887682099194
V3	1:Del:C:4	0.027855974482872702	0.0033519263273566434	0.007968510253327099	0.14686061663196714	0.16594081297558025	0.6480221593288962
V3	1:Del:C:5	0.00016186780089876417	0.0	0.0	0.034001761655239854	0.2771304213248283	0.6887059492190329
V3	1:Del:T:0	0.05933525599734566	0.08410554291595448	0.08281913476380967	0.5274306520853964	0.11172182018106808	0.13458759405642567
V3	1:Del:T:1	0.10498561601105035	0.0	0.042859025410172974	0.8040079496969319	0.035180324630644605	0.01296708425120024
V3	1:Del:T:2	0.10816451037920231	0.0038278436986596653	0.2638407791779669	0.15933317715929068	2.1162324675316825e-08	0.4648336684225557
V3	1:Del:T:3	0.0740398117810964	0.0776190831626179	0.020748009987669205	0.1506546778756774	0.15179306415411675	0.5251453530388223
V3	1:Del:T:4	0.04490093209311414	0.010751192498692826	0.07129357106496802	0.0	0.09501766547679588	0.7780366388664293
V3	1:Del:T:5	1.33755967032167e-08	2.2350759835996914e-07	5.70695727013216e-07	1.1968266479771657e-06	0.006132925268359069	0.9938650703260709
V3	1:Ins:C:0	9.535221030337913e-07	5.2176532336546246e-05	1.4834665650768654e-05	0.9997021824748101	0.00018934461991103427	4.0508185188520456e-05
V3	1:Ins:C:1	0.004057074112926322	1.1946364902790264e-05	0.04667770394362346	0.949243831077721	7.787574460366412e-06	1.6569263659448968e-06
V3	1:Ins:C:2	0.017850292049105022	1.0394700024089331e-05	0.0	0.8155034975630455	0.16663581568782537	0.0
V3	1:Ins:C:3	0.00012169099774774533	0.2688869050228977	0.00021101226544185272	0.23989505475598624	0.49085871948719756	2.6617470728878216e-05
V3	1:Ins:C:4	1.7827868303901373e-08	0.0	0.1521510911238741	0.08659395118532828	0.45060868061654435	0.31064625924638495
V3	1:Ins:C:5	0.00013802088737683917	2.4921322506404616e-06	2.328057930617447e-07	0.0013676425177500673	0.836181362488884	0.16231024916794534
V3	1:Ins:T:0	0.048202310291156944	0.0360205997306671	0.048820156839031556	0.48075016647884755	0.3774014745553481	0.008805292104948712
V3	1:Ins:T:1	0.0795888778353019	0.05793585217705182	0.0	0.8624713164820627	3.953505583640689e-06	0.0
V3	1:Ins:T:2	0.008568838649433133	0.1978940389325232	0.0	0.46568357453433473	0.15138308128532188	0.17647046659838705
V3	1:Ins:T:3	0.005546588967714356	0.054018624183113546	0.07441116321258295	0.0338584876693015	0.7738606881575143	0.05830444780977319
V3	1:Ins:T:4	0.0022755227575180794	0.003055053647475322	0.0538173211461411	0.017500518481985427	0.8825785725230741	0.04077301144380598
V3	1:Ins:T:5	4.0358679427741765e-05	9.118239222534351e-12	0.0017046524922789666	0.0023834681422520007	0.9909903764712175	0.004881144205705577
V3	2:Del:R:0	0.026941733329419657	0.08732218071358634	0.06684524441347968	0.49854507848061236	0.3203457630629019	0.0
V3	2:Del:R:1	0.001505655739707508	0.03180097325858247	0.007053018902083441	0.6885968156884323	0.10590184878557721	0.16514168762561704
V3	2:Del:R:2	0.010955730630185675	0.03230848138781468	0.0	0.17355683311679854	0.23324419069136174	0.5499347641738394
V3	2:Del:R:3	7.081353389933223e-07	6.512227691871615e-06	0.017237915409415223	0.027072743664035104	0.6881732285655877	0.2675088919979311
V3	2:Del:R:4	2.07975150980606e-06	6.592333457090881e-06	3.586095660700706e-06	0.09528236761376853	0.5840420958239069	0.32066327838169695
V3	2:Del:R:5	1.8252063977159795e-06	0.0008828805725227313	9.013945183412702e-05	0.8800230863224435	0.0009307020541006323	0.11807136639270122
V3	3:Del:R:0	0.006212401121166747	0.0066012750015430055	0.039948749762927414	0.7313848857012996	0.16928370721109456	0.04656898120196876
V3	3:Del:R:1	0.006797668948175477	0.08318369812018744	0.019510631122059714	0.16111163961615857	0.5176674977675981	0.21172886442582067
V3	3:Del:R:2	0.016296931814269184	0.08498388436356728	0.005252449220037772	0.19155327689215543	0.0	0.7019134577099704
V3	3:Del:R:3	0.03910779642834812	0.0001626470853969375	0.1410244482592086	0.8184975191919588	0.0003998544271328692	0.0008077346079547676
V3	3:Del:R:4	0.002662754898494215	0.1870611490496899	0.21418283074201078	0.11878280820038271	0.2890588972484066	0.18825155986101574
V3	3:Del:R:5	0.002662754898494215	0.1870611490496899	0.21418283074201078	0.11878280820038271	0.2890588972484066	0.18825155986101574
V3	4:Del:R:0	0.004746858871214239	0.06429734013353691	0.014423387069964416	0.9101744564908137	0.0063562197140745085	1.73772039607909e-06
V3	4:Del:R:1	0.03755869274738965	0.09532405620596932	0.0	0.11619613502948296	0.22165348082488612	0.529267635192272
V3	4:Del:R:2	0.011996135205691824	0.1750363579040399	0.0	0.16286338646196727	0.3003431674324741	0.34976095299582705
V3	4:Del:R:3	0.002662754898494215	0.1870611490496899	0.21418283074201078	0.11878280820038271	0.2890588972484066	0.18825155986101574
V3	4:Del:R:4	0.002662754898494215	0.1870611490496899	0.21418283074201078	0.11878280820038271	0.2890588972484066	0.18825155986101574
V3	4:Del:R:5	2.2853016517705253e-07	0.8489289199825267	0.0002287559218115043	0.020199881989849053	0.13061622265062997	2.599092501751658e-05
V3	5:Del:R:0	6.328518008599877e-08	3.3830537644752976e-06	6.295547762201789e-07	0.9999722820101142	1.4019122895686719e-05	9.622973269319654e-06
V3	5:Del:R:1	0.001379003100883816	0.17987655912660855	0.09381895076444786	0.19797052967728834	0.2165105927605082	0.3104443645702631
V3	5:Del:R:2	1.9057399764562634e-07	0.11494498848134015	0.0	1.2998249779204325e-05	0.4867507326054511	0.398291090089432
V3	5:Del:R:3	2.8157656832852514e-05	0.0014016715810238505	0.0013968323933424883	0.0007848611553168075	0.9951494384300712	0.0012390387834128607
V3	5:Del:R:4	0.002662754898494215	0.1870611490496899	0.21418283074201078	0.11878280820038271	0.2890588972484066	0.18825155986101574
V3	5:Del:R:5	0.002662754898494215	0.1870611490496899	0.21418283074201078	0.11878280820038271	0.2890588972484066	0.18825155986101574
V3	2:Ins:R:0	0.0032219487598906674	0.14867959576087228	0.045082171787873736	0.5086969096268612	0.21031157519273191	0.08400779887177011
V3	2:Ins:R:1	5.960898220102916e-09	2.1592347389185906e-07	0.9999949424845251	3.3756526561948937e-10	4.7764387742266355e-06	5.885476327954844e-08
V3	2:Ins:R:2	0.0282549288520512	2.9034919557606547e-05	0.3889673375114728	0.40234508453063156	0.18040361418628686	0.0
V3	2:Ins:R:3	5.850402955653866e-08	0.041176462278868245	0.0	0.19404146997699792	0.5445859741216769	0.2201960351184274
V3	2:Ins:R:4	0.0012690778927639333	0.0	0.09656270153301828	0.041132163383500835	0.4095770881509335	0.4514589690397835
V3	2:Ins:R:5	0.0	0.03640424286800645	0.003325612537359904	0.05973365582395565	0.5564114483110049	0.34412504045967307
V3	3:Ins:R:0	0.03566223046255195	6.125642453579047e-05	0.00022179436248454955	0.9621321536412131	0.0002632226982729125	0.0016593424109417924
V3	3:Ins:R:1	0.0029840566538966704	0.380569610374012	0.0	0.0	0.5149233210237197	0.10152301194837164
V3	3:Ins:R:2	2.0177845719295827e-06	4.1086472160981705e-05	6.749129287162037e-05	0.0524672117402502	0.947386986699336	3.520601080931585e-05
V3	3:Ins:R:3	0.002662754898494215	0.1870611490496899	0.21418283074201078	0.11878280820038271	0.2890588972484066	0.18825155986101574
V3	3:Ins:R:4	1.3864186540486208e-05	0.00045634196631859255	0.35293589990425356	0.6460451399327661	0.00033070830107254453	0.00021804570904857196
V3	3:Ins:R:5	3.0752060281395524e-08	0.05683469014150282	6.063969713287468e-06	0.0	0.5972037886857895	0.34595542645093413
V3	4:Ins:R:0	1.8422111720748332e-08	0.9969230593060725	0.0019234301077603292	2.774162799669851e-07	0.001152019883486558	1.1948642890056384e-06
V3	4:Ins:R:1	0.011113757923189554	0.0425824500842273	0.03464148826623129	0.42128254253659403	0.3087679407823146	0.1816118204074432
V3	4:Ins:R:2	4.70891426204246e-06	1.054246804786683e-05	0.0002001968601780839	3.742976128046802e-05	0.6331304951054813	0.3666166268907503
V3	4:Ins:R:3	0.01903102320472624	0.0016603806768662052	0.7250816016496375	0.0007502315191391738	0.25216956146276215	0.0013072014868687083
V3	4:Ins:R:4	0.0	0.3077986973740746	0.4022536731781418	0.031406321514575675	0.258541307933208	0.0
V3	4:Ins:R:5	0.004734701039706236	0.0	0.101713196107967	0.23258381883101414	0.6609682840213127	0.0
V3	5:Ins:R:0	1.7796568671860365e-05	0.5734422618640638	0.002344826225966534	0.4198931888085455	0.003055237655487603	0.0012466888772647343
V3	5:Ins:R:1	3.6147675722047725e-05	0.0	0.9402504192793523	0.05333700248735194	0.0041406287041601385	0.002235801853413516
V3	5:Ins:R:2	1.6451843947618363e-07	0.9654042562118432	7.657928851568665e-06	0.03457330420074246	4.863245700241021e-06	9.753894423009269e-06
V3	5:Ins:R:3	1.6510529564575447e-07	0.02984809959724965	0.0	0.23125042761386302	0.7389013076835916	0.0
V3	5:Ins:R:4	3.407013181160422e-06	0.7063396010899434	0.00014950446029236446	6.509187592809503e-05	0.2933490134833863	9.338207726865366e-05
V3	5:Ins:R:5	0.002662754898494215	0.1870611490496899	0.21418283074201078	0.11878280820038271	0.2890588972484066	0.18825155986101574
V3	2:Del:M:1	0.017162759842607834	0.32580637652221883	0.0663254648811365	0.15441392312993169	0.43385592001125783	0.0024355556128473226
V3	3:Del:M:1	0.006765288189407316	0.05159033235585185	0.0037048719202414206	0.6688963590671108	0.21899587419652403	0.050047274270864715
V3	3:Del:M:2	0.0036466610701505076	0.17668926434621027	0.3079609347200468	0.15482725566091793	0.2115680960900033	0.14530778811267117
V3	4:Del:M:1	4.643605884891049e-05	0.9953015921949295	9.778166016157435e-08	0.0029508172344270256	0.0006969916242275906	0.0010040651059067796
V3	4:Del:M:2	0.013790613304206166	0.31888157007047574	0.11647224209537257	0.33738381365188236	0.21347176087806308	0.0
V3	4:Del:M:3	0.011594243297518536	0.23155425700111784	0.0	0.5742811934483081	0.09161368792847119	0.09095661832458442
V3	5:Del:M:1	7.450172052333506e-10	0.0005411713487137553	0.0075185229599904315	0.9919391768489827	7.690790949633864e-07	3.5901820102678374e-07
V3	5:Del:M:2	0.0001851231803321563	0.0268008151758473	0.5812035291241872	0.38577678979805025	7.670184722154102e-46	0.0060337427215830875
V3	5:Del:M:3	0.0004485194304422939	0.00879181706908401	0.010833429435574091	0.9792007305093992	1.2168113721753011e-07	0.0007253818743632153
V3	5:Del:M:4	0.001000008094684298	0.0004432290944636428	0.059662902439056704	0.9209100284497406	3.755815242802977e-07	0.017983456340530515
V3	5:Del:M:5	1.6110965796080462e-38	0.04034288224474788	0.08903954899947147	0.6892513118883403	0.11454929461585696	0.06681696225158337
V4	1:Del:C:0	0.9908383067661819	0.007609928471230589	0.0	0.0	0.0	0.0015517647625874888
V4	1:Del:C:1	0.979703368245353	0.00046952633292066847	0.0	0.0	0.016228377083121946	0.003598728338604356
V4	1:Del:C:2	0.9546371166873292	4.278190965653405e-05	0.0	0.0	0.045319518027516444	5.833754979034851e-07
V4	1:Del:C:3	0.715623251970353	0.013554700424383196	0.0	0.0	0.2552627248107714	0.015559322794492472
V4	1:Del:C:4	0.8242807846386849	0.001480391155640351	0.0	0.0	0.05975823249338692	0.11448059171228776
V4	1:Del:C:5	0.02116970515078721	0.0	0.0	0.0	0.44108902809604805	0.5377412667531648
V4	1:Del:T:0	0.9455257725846086	0.02000370155902651	0.0	0.0	0.0216663753963056	0.012804150460059349
V4	1:Del:T:1	0.9952075881174531	0.0	0.0	0.0	0.00405855495362753	0.0007338569289194296
V4	1:Del:T:2	0.9744834137342286	0.0005147176445899742	0.0	0.0	2.3202818679564946e-09	0.025001866300899605
V4	1:Del:T:3	0.9234106112890459	0.014448516581660763	0.0	0.0	0.023039295393237458	0.03910157673605588
V4	1:Del:T:4	0.8827861689147647	0.0031548738538580328	0.0	0.0	0.02273485715218236	0.09132410007919488
V4	1:Del:T:5	2.2262322349703853e-06	5.552323866983398e-07	0.0	0.0	0.012422605229361564	0.9875746133060168
V4	1:Ins:C:0	0.22286754940475548	0.18201889888631154	0.0	0.0	0.5385880991063053	0.056525452602627674
V4	1:Ins:C:1	0.9999302575048244	4.3945837184067005e-05	0.0	0.0	2.3358593629725734e-05	2.4380643617137517e-06
V4	1:Ins:C:2	0.8979746620154089	7.804694614457135e-06	0.0	0.0	0.10201753328997652	0.0
V4	1:Ins:C:3	0.01203812680474247	0.3970043920525368	0.0	0.0	0.5909417611465628	1.5719996157930578e-05
V4	1:Ins:C:4	2.4293634109646655e-06	0.0	0.0	0.0	0.7472747931835964	0.2527227774529927
V4	1:Ins:C:5	0.012232278292311069	3.2965435722659503e-06	0.0	0.0	0.9018841018433993	0.08588032332071742
V4	1:Ins:T:0	0.9029110772481302	0.010070551709358036	0.0	0.0	0.08603366617782957	0.0009847048646821164
V4	1:Ins:T:1	0.9892514207720716	0.010747981196004371	0.0	0.0	5.980319240227847e-07	0.0
V4	1:Ins:T:2	0.5943006721369133	0.20485292334491478	0.0	0.0	0.1277760055072203	0.07307039901095175
V4	1:Ins:T:3	0.3441079759931188	0.05001928411702841	0.0	0.0	0.5842776194336369	0.02159512045621601
V4	1:Ins:T:4	0.17102183269663737	0.003427002419957679	0.0	0.0	0.807256336050876	0.0182948288325289
V4	1:Ins:T:5	0.0033272410926739587	1.1219758346395882e-11	0.0	0.0	0.9942703100414377	0.002402448854668475
V4	2:Del:R:0	0.8381670628347085	0.040546635931519526	0.0	0.0	0.12128630123377197	0.0
V4	2:Del:R:1	0.3538527569998707	0.11154818507813165	0.0	0.0	0.3028922433463679	0.2317068145756299
V4	2:Del:R:2	0.6239132276189028	0.0274615211477686	0.0	0.0	0.16165211591352555	0.18697313531980297
V4	2:Del:R:3	7.100605809459924e-05	9.746168360762063e-06	0.0	0.0	0.8397782439405876	0.16014100383295696
V4	2:Del:R:4	0.0002304604603277083	1.090308357406352e-05	0.0	0.0	0.7876201852636322	0.2121384511924661
V4	2:Del:R:5	0.00249606753662668	0.01802069379660346	0.0	0.0	0.01548969021674409	0.9639935484500257
V4	3:Del:R:0	0.7182696929128219	0.011391504214686682	0.0	0.0	0.23819405837922952	0.03214474449326187
V4	3:Del:R:1	0.4356574863656826	0.07956985971885386	0.0	0.0	0.4037604535852828	0.08101220033018082
V4	3:Del:R:2	0.7490818451055133	0.058302234230258175	0.0	0.0	0.0	0.19261592066422845
V4	3:Del:R:3	0.9996902840503044	6.205454675878054e-05	0.0	0.0	0.00012439179776520842	0.00012326960517168464
V4	3:Del:R:4	0.26373242866976515	0.27652928891528356	0.0	0.0	0.34842266129315136	0.11131562112180003
V4	3:Del:R:5	0.26373242866976515	0.27652928891528356	0.0	0.0	0.34842266129315136	0.11131562112180003
V4	4:Del:R:0	0.820704125140533	0.1659199090712527	0.0	0.0	0.013374172106487975	1.7936817262418447e-06
V4	4:Del:R:1	0.8376391255341158	0.0317303014522169	0.0	0.0	0.060160128167023964	0.07047044484664344
V4	4:Del:R:2	0.5894357716301136	0.12836558435987444	0.0	0.0	0.179597630928627	0.1026010130813849
V4	4:Del:R:3	0.26373242866976515	0.27652928891528356	0.0	0.0	0.34842266129315136	0.11131562112180003
V4	4:Del:R:4	0.26373242866976515	0.27652928891528356	0.0	0.0	0.34842266129315136	0.11131562112180003
V4	4:Del:R:5	1.602533623511441e-05	0.8885055457929234	0.0	0.0	0.11146754782745845	1.0881043382914478e-05
V4	5:Del:R:0	0.18513061513257173	0.14771014380773223	0.0	0.0	0.49909679045425903	0.16806245060543706
V4	5:Del:R:1	0.16124837178016502	0.31392786314090443	0.0	0.0	0.30810372892328647	0.216720036155644
V4	5:Del:R:2	1.902436971438386e-05	0.17126233917204806	0.0	0.0	0.591345038317682	0.2373735981405555
V4	5:Del:R:3	0.0023141953086594433	0.0017193922406373268	0.0	0.0	0.9953584544386009	0.0006079580121022759
V4	5:Del:R:4	0.26373242866976515	0.27652928891528356	0.0	0.0	0.34842266129315136	0.11131562112180003
V4	5:Del:R:5	0.26373242866976515	0.27652928891528356	0.0	0.0	0.34842266129315136	0.11131562112180003
V4	2:Ins:R:0	0.3789608963843775	0.26100711036905544	0.0	0.0	0.3010416987955355	0.05899029445103159
V4	2:Ins:R:1	0.08809571421467098	0.04762863448216829	0.0	0.0	0.8590827522500822	0.005192899053078528
V4	2:Ins:R:2	0.9278860805549696	1.4231355457976575e-05	0.0	0.0	0.07209968808957247	0.0
V4	2:Ins:R:3	6.8371361944839725e-06	0.07182285746955043	0.0	0.0	0.7745377923477204	0.1536325130465348
V4	2:Ins:R:4	0.14181422944159164	0.0	0.0	0.0	0.5569996151337832	0.30118615542462523
V4	2:Ins:R:5	0.0	0.057992217245867624	0.0	0.0	0.7227303300853501	0.21927745266878224
V4	3:Ins:R:0	0.9996069039178259	2.5626989206784866e-05	0.0	0.0	8.979078981591566e-05	0.0002776783031515011
V4	3:Ins:R:1	0.19206276074450926	0.3655909242818163	0.0	0.0	0.4033354315375507	0.039010883436123786
V4	3:Ins:R:2	0.0001749655972260249	5.3174316529324076e-05	0.0	0.0	0.9997536345685593	1.822551768547495e-05
V4	3:Ins:R:3	0.26373242866976515	0.27652928891528356	0.0	0.0	0.34842266129315136	0.11131562112180003
V4	3:Ins:R:4	0.5332026799377851	0.2619470652425771	0.0	0.0	0.15478566485016315	0.05006458996947456
V4	3:Ins:R:5	3.0203452760191066e-06	0.08331459154578372	0.0	0.0	0.713826456451389	0.2028559316575513
V4	4:Ins:R:0	1.2369234166286348e-06	0.9990569341991496	0.0	0.0	0.0009413499086939735	4.789687397496629e-07
V4	4:Ins:R:1	0.6698566741779266	0.03830688159439209	0.0	0.0	0.22648574236126306	0.06535070186641817
V4	4:Ins:R:2	0.00047570703283698597	1.5895942375086236e-05	0.0	0.0	0.7783944510931978	0.22111394593159014
V4	4:Ins:R:3	0.8598680520401984	0.0011197022277418733	0.0	0.0	0.13865963348178537	0.0003526122502742968
V4	4:Ins:R:4	0.0	0.5935078603613485	0.0	0.0	0.4064921396386515	0.0
V4	4:Ins:R:5	0.3705170524856554	0.0	0.0	0.0	0.6294829475143446	0.0
V4	5:Ins:R:0	0.002064265103606395	0.9927595878928943	0.0	0.0	0.004312825676605285	0.0008633213268940295
V4	5:Ins:R:1	0.3618861769774857	0.0	0.0	0.0	0.5044819309774928	0.1336318920450216
V4	5:Ins:R:2	1.1417517273621254e-05	0.9999804337517505	0.0	0.0	4.107438009506032e-06	4.0412929663940845e-06
V4	5:Ins:R:3	1.7493620923640284e-05	0.04720202066393623	0.0	0.0	0.9527804857151401	0.0
V4	5:Ins:R:4	0.00024135175238031108	0.7468190641504586	0.0	0.0	0.2529000906209654	3.949347619563598e-05
V4	5:Ins:R:5	0.26373242866976515	0.27652928891528356	0.0	0.0	0.34842266129315136	0.11131562112180003
V4	2:Del:M:1	0.6282105938337561	0.17799299367014845	0.0	0.0	0.19326418002181622	0.000532232474279108
V4	3:Del:M:1	0.6443594912070433	0.07333907894332656	0.0	0.0	0.25384322203401083	0.028458207815619398
V4	3:Del:M:2	0.37493597152413255	0.27114217026979026	0.0	0.0	0.26472782783471793	0.08919403037135923
V4	4:Del:M:1	0.003113137525683503	0.9959163211182697	0.0	0.0	0.0005686672570683665	0.00040187409897845844
V4	4:Del:M:2	0.6521009233058098	0.2250535414015839	0.0	0.0	0.12284553529260622	0.0
V4	4:Del:M:3	0.6939239740629437	0.20684615362547648	0.0	0.0	0.06672945208025588	0.032500420231324
V4	5:Del:M:1	9.209758769906255e-05	0.9984859209277004	0.0	0.0	0.0011570194758511799	0.000264962008749391
V4	5:Del:M:2	0.298029281120058	0.6439784488246112	0.0	0.0	1.5027670570097944e-44	0.05799227005533084
V4	5:Del:M:3	0.7679171286799694	0.2246657828166902	0.0	0.0	2.5353858546594283e-06	0.007414553117485596
V4	5:Del:M:4	0.8976798265673176	0.005938426805648768	0.0	0.0	4.10307901456873e-06	0.09637764354801917
V4	5:Del:M:5	6.726648552335691e-36	0.25140232044851174	0.0	0.0	0.5820459765426579	0.1665517030088305
V5	1:Del:C:0	0.9410946816573492	0.00917709324914898	0.03900741967669732	0.0076349097349645515	0.0	0.0030858956818399074
V5	1:Del:C:1	0.9433833998424058	0.0005740472256441467	0.010312385997821468	0.030008418405064213	0.008466245680260645	0.007255502848803836
V5	1:Del:C:2	0.6270477318400471	3.5679313609202126e-05	0.11266978250136454	0.24411840507965155	0.016127598968094885	8.022972328065831e-07
V5	1:Del:C:3	0.7020035404234823	0.016882580224025716	0.047312869305904295	0.06617975397546463	0.1356639343806045	0.03195732169051847
V5	1:Del:C:4	0.7317085612271573	0.0016685279334038342	0.005426642254827403	0.019681992252681895	0.02873974113419192	0.2127745351977376
V5	1:Del:C:5	0.015027548828307626	0.0	0.0	0.016105456109216133	0.16963745228362678	0.7992295427788496
V5	1:Del:T:0	0.8701944891908114	0.023374770924024936	0.031489696366324496	0.0394650631829778	0.010803173946816876	0.024672806389044406
V5	1:Del:T:1	0.9492979402240534	0.0	0.010047298492255535	0.03709172312198357	0.0020974056734100826	0.0014656324882973127
V5	1:Del:T:2	0.8887746751499885	0.0005960467374918691	0.05620605179475591	0.00667970107047317	1.146515983854378e-09	0.0477435241007746
V5	1:Del:T:3	0.8774315588638736	0.017431537312363007	0.006374684113860447	0.009109079544756519	0.011860683873304245	0.07779245629184216
V5	1:Del:T:4	0.78354339361406	0.0035553599113071544	0.032254650576143865	0.0	0.010932561034675888	0.16971403486381326
V5	1:Del:T:5	1.0731565624544954e-06	3.3982979121163015e-07	1.1871041323841131e-06	4.89919921184705e-07	0.0032443481410611725	0.9967525618485314
V5	1:Ins:C:0	0.00018679652484837142	0.0001937012738364751	7.534424166385583e-05	0.9992003940319371	0.00024456868885898344	9.919523885517284e-05
V5	1:Ins:C:1	0.40126873601391555	2.2391201356260888e-05	0.11969228104074456	0.4790094647574395	5.078488260603153e-06	2.048498283567446e-06
V5	1:Ins:C:2	0.7724082531555945	8.523790694660548e-06	0.0	0.18004096671740777	0.047542256336303025	0.0
V5	1:Ins:C:3	0.012566964437158417	0.5262120912917155	0.0005649550696508519	0.12639711410103924	0.33422451545035414	3.435965008174929e-05
